101, 0.2794363777264115
101, 6.569496394834479
101, 2.33871270238053
101, 4.8938618552476365
101, 11.310272633814876
101, 4.466371084512055
101, 3.3695033925560596
101, 2.433789019256025
101, 0.010900254242833684
101, 0.005612915162384091
101, 5.447129581709122
101, 5.7590555827883785
101, 1.3904561712770693
101, 8.366526417768137
101, 1.8044785059620914
101, 7.917083908131796
101, 0.7562978871001764
101, 1.5882786154664343
101, 19.385357150008126
101, 1.1030356037197884
101, 1.5829506678157912
101, 10.21731121333765
101, 4.37243807482449
101, 0.2301428032189708
101, 25.630110890454535
101, 2.711601996721376
101, 0.05092844882982846
101, 0.3089031992796771
101, 12.610315300397074
101, 6.868976299431155
101, 3.640152922814854
101, 5.787434919494822
101, 3.8211428865909642
101, 0.8625629477489376
101, 0.008803080083137339
101, 2.5257803466495843
101, 0.31721055957856886
101, 11.830773217451487
101, 1.214663858206648
101, 0.8610807796801745
101, 8.010271911802938
101, 8.955210229990415E-6
101, 0.32006656841035136
101, 5.648479046611849
101, 11.381262791203065
101, 0.36140024728395176
101, 0.009414127930489504
101, 0.0010382062394437824
101, 5.385921005731301
101, 1.3792067913548407
101, 11.773076899821385
101, 0.06402044664469102
101, 15.978054434163871
101, 11.475515769577257
101, 1.290404430649031
101, 10.623890501783828
101, 0.02285950241584581
101, 2.7105633793433928
101, 0.41227576964606355
101, 14.279214570952222
101, 6.575025716730609
101, 2.213163240491855
101, 39.74882048293152
101, 1.3439179262463343
101, 27.904877129761985
101, 0.0126746132370443
101, 0.009634920423316932
101, 1.8400133730041044
101, 8.057217739770163
101, 15.507744569193703
101, 8.636193281284049
101, 0.011697325892552402
101, 0.12359088034865501
101, 11.561227265523742
101, 0.8565375864858208
101, 13.484403409102192
101, 0.9591655239014689
101, 0.14924008984561538
101, 3.703126722444185
101, 3.2379599571758577
101, 7.2834056313652935
101, 4.3129860377722835
101, 4.940638999281109
101, 0.17608347132211982
101, 13.607088228578016
101, 0.8913116461120298
101, 23.790978177421962
101, 26.630429549638826
101, 2.014701531581057
101, 22.002170748945996
101, 4.195705448320167
101, 13.622537047337945
101, 1.2203653845857925
101, 1.4803458429535679
101, 0.42163752226551204
101, 0.2841387097920672
101, 0.6253045432325802
101, 5.348925050253588
101, 6.021035024074783
101, 12.659329398011456
101, 1.019792047467165
101, 29.777829782583837
101, 0.7026433119367607
101, 0.6557226845154334
101, 17.73164468286063
101, 7.741263316776087
101, 43.932014357747725
101, 7.2285449444895065
101, 0.45147872748981155
101, 2.95658413454177
101, 3.007835815684644
101, 14.970792470361074
101, 0.05210939924879463
101, 22.28661914889071
101, 0.16785620713672328
101, 17.246351688315844
101, 2.753106743788909
101, 6.4155864895654275
101, 0.2072174030862463
101, 8.686905477004636
101, 0.00225487998075897
101, 3.0963891613263876
101, 7.634069639724905
101, 2.689395513351768
101, 20.981399047789843
101, 2.5241054526776185
101, 0.06903381078129278
101, 7.150400927188312
101, 21.431487872385468
101, 2.3379795701338963
101, 4.2354092176211156
101, 9.387062395378534
101, 0.46989610482513866
101, 0.45968804232031035
101, 1.1034640494968213
101, 9.247771749633082E-4
101, 9.19111522414955
101, 1.6726006332893395
101, 2.8650747878666163
101, 4.239577791311923
101, 0.053658716996840064
101, 0.13429815211317186
101, 0.857378776426285
101, 0.18790429497787936
101, 7.689080403602171
101, 0.7352533543918042
101, 3.684002033322434E-4
101, 25.090849801626337
101, 2.550108198433847
101, 0.5031524266638766
101, 1.8739522112899674
101, 1.1835602175261113
101, 21.677866442667366
101, 6.973260222201477
101, 2.637748137623214
101, 0.7306533870457436
101, 15.924291523485213
101, 8.422338147733333
101, 6.451821861175857
101, 5.658980461341699
101, 0.3323963474394947
101, 0.656581463300374
101, 13.199119749235887
101, 0.7258029402112385
101, 9.657336114808427
101, 12.518332107676201
101, 0.005883243553837859
101, 0.09466923805259192
101, 0.0012230562936111893
101, 0.0026827642955969348
101, 10.771860308831881
101, 3.789427431261678
101, 0.016109682795064056
101, 2.744659289089631
101, 6.908001191815981
101, 14.477028585523852
101, 33.27552809532944
101, 6.292506509469513
101, 5.930627640426231
101, 8.663206271413987
101, 25.813714898464443
101, 51.98059496581004
101, 6.73144340817217
101, 1.773379851611438
101, 1.736999366165317E-4
101, 0.7220398301028278
101, 8.939539496494977
101, 0.4108652815827763
101, 17.730155428314347
101, 3.515849726990887
101, 1.7109908085266643
101, 1.0001307616985102
101, 0.030128726125728707
101, 0.24066934267464124
101, 11.284606616471748
101, 17.53133857790684
101, 7.0249036280473485
101, 5.355802744817813
101, 0.485437913947864
101, 0.3050011967024872
101, 16.625732482323183
101, 7.977040953492424
101, 0.14920464466567568
101, 0.6668798512896933
101, 0.06587478442639978
101, 10.066688080341294
101, 0.15998121549306685
101, 0.24384551137480462
101, 0.14354737892328157
101, 0.344407278761596
101, 1.6260655002770832
101, 5.862908947310721
101, 2.7759197128110653
101, 11.371671895855243
101, 0.14979436865163484
101, 0.10294385011291142
101, 1.5812164582060404
101, 0.004071244187881805
101, 4.227482736380691
101, 5.8783794177313355
101, 3.799342770019344
101, 1.551563109248804
101, 0.1898356633883041
101, 3.2596967616778745
101, 0.08324457351849625
101, 0.3080789696712712
101, 0.04908347634792961
101, 21.763123951836924
101, 0.1817334065614653
101, 10.041868188127074
101, 1.477089539740783
101, 2.206423810999792
101, 10.379241426857478
101, 30.997677024324247
101, 0.4072907493258749
101, 3.7731906600538885
101, 4.02392638506814
101, 12.440758704888744
101, 3.7649310914267216
101, 4.230675789158792
101, 12.828521699469691
101, 0.14347083577344374
101, 3.876542351626314
101, 2.5845173050046792
101, 0.714396109957021
101, 0.2966549919286033
101, 1.4241490976561109
101, 0.26076372792820585
101, 0.012578536323832708
101, 23.78139731683874
101, 1.414651185976124
101, 0.24118035290435244
101, 7.207885566760016
101, 8.781551354318223
101, 1.634011218833861
101, 8.61888684352939
101, 0.12674765407620456
101, 0.005652685390034372
101, 6.702710088357967
101, 3.749335794899649
101, 21.4688572227337
101, 10.952743087482698
101, 3.149831562292138
101, 0.004226939112771456
101, 5.5300030743022335
101, 2.1059273706626827
101, 11.833929665912287
101, 3.847297554183663
101, 33.02206534323281
101, 1.5629783912849513
101, 0.05870162867887947
101, 7.098166042450868
101, 5.365951898486422
101, 10.449213919704953
101, 6.3080245103870345
101, 0.2744714244146288
101, 22.629120140888496
101, 0.19930605881902397
101, 10.07118226937793
101, 1.564025271609255E-4
101, 1.598192511487967
101, 0.10551351338152208
101, 5.357463687756623
101, 0.34250718139516073
101, 1.3459221894776536
101, 7.717741476597896
101, 3.340838399924222E-4
101, 0.41622016678054063
101, 2.293339060125436
101, 0.4951274013989873
101, 0.6661725659320525
101, 46.11882359374951
101, 4.900530078068388
101, 0.004581463921829708
101, 3.784432639069676
101, 5.5262113481050115
101, 2.556789341300333
101, 12.992998168915785
101, 10.296914660819933
101, 1.8580904397338565
101, 25.16548464972157
101, 0.6174940837422848
101, 0.0021779052737620234
101, 3.0329687885695793
101, 1.4943303077707477
101, 1.2425995026328511
101, 3.4620710163678563
101, 1.2085988861155386
101, 38.17117064218614
101, 13.666086928270557
101, 1.8115829657701088
101, 4.697633458930468
101, 13.514818959215928
101, 12.991579029946116
101, 1.4572292694172007
101, 1.5205622518645219
101, 19.511185964124643
101, 21.152858245677
101, 0.31562148344998303
101, 0.9769741873664008
101, 8.959458252177483E-5
101, 0.3660380721753697
101, 2.2465027901346195
101, 2.4537869749024486
101, 1.8476720163458962
101, 0.05481202478327295
101, 8.71516316640184
101, 22.198236822265848
101, 2.4931820221319696
101, 0.04486502966404611
101, 1.5478525890301817
101, 7.224325304283306
101, 28.054914285060352
101, 1.4176328396667797
101, 2.3246885201503407
101, 0.13032894054299052
101, 17.473773779213907
101, 0.6329846790833837
101, 9.132406498671912
101, 3.962891057791412
101, 2.6703584951300035
101, 1.6470690693298335
101, 4.786474084969538
101, 32.84538990089276
101, 0.6113127926801459
101, 1.5364814221282477
101, 1.0929924530199602
101, 24.79711060072811
101, 0.6531858235641936
101, 20.468125856998068
101, 12.616947202603988
101, 24.919735083146183
101, 12.464894937232025
101, 3.753051068347553
101, 2.1113717136634707
101, 3.5662759873856085
101, 0.19798298694115354
101, 6.669446256546668
101, 13.826748268179086
101, 11.97887476707154
101, 0.23989893888748257
101, 2.061096770201746
101, 0.06510164083023776
101, 0.7696353954348267
101, 1.550510489309821
101, 5.120102247079703
101, 5.948628275731283
101, 2.61461444446576
101, 3.777543879827473
101, 18.75286405868449
101, 1.0999487818102687
101, 8.81931434036725
101, 0.5714604782537612
101, 9.813799854933098
101, 7.136800012473176
101, 2.0338034123680337
101, 6.678080125568971
101, 4.367964070569905
101, 4.61823381234926
101, 10.472091637333712
101, 18.088110147961423
101, 2.5131015913225374
101, 2.9489475541145667
101, 0.017362330224239546
101, 0.20336147100963523
101, 6.544014353720694
101, 1.6837292744005088
101, 10.796858169088653
101, 3.8468201574964973
101, 14.857231601608612
101, 0.024703128328356763
101, 3.335300450296898
101, 6.774319731864383
101, 4.965251506343344
101, 16.937913249527625
101, 0.21724529916712412
101, 2.989295326719882
101, 12.892276890798218
101, 2.8722084730745667
101, 0.3431556478764582
101, 0.09951470836865012
101, 8.214481047338897
101, 0.09579022402361995
101, 5.294223178292028
101, 32.88577997611857
101, 0.12366612032407892
101, 13.732762883038967
101, 4.150314934214217
101, 18.28348686468329
101, 6.663759295727654
101, 2.3938098865273223
101, 6.498307116319966
101, 5.060659831196389
101, 0.16879194270760817
101, 3.6826537377322333
101, 6.8923851516954775
101, 2.6982378006931105E-4
101, 1.9162851720795802
101, 0.08546658109649262
101, 0.8385406830188384
101, 15.312715079595906
101, 0.4731205924420903
101, 5.522904192256292
101, 3.033138692311994
101, 16.055145613690748
101, 0.32990082782506835
101, 3.2750745059758253
101, 9.231584404668983
101, 5.503325438468248
101, 21.806192564333415
101, 0.016919055928172135
101, 0.0952146824537307
101, 71.20057060707012
101, 0.553743647542172
101, 24.565114076303654
101, 1.3971585498187316
101, 13.657163861041695
101, 0.0014879708665024916
101, 4.043921800426205
101, 7.938611452340079
101, 13.30006176829854
101, 55.1437051650476
101, 0.02913910916983912
101, 0.03302309484358162
101, 3.755455146758965
101, 0.16412260854921185
101, 0.3295217345891485
101, 0.121340432304093
101, 0.23202300731196682
101, 0.0748740470854453
101, 0.7620423897652111
101, 4.158678707133032
101, 0.19010806513899323
101, 2.4939194954192997E-5
101, 1.0304159285461223
101, 4.020086336561134
101, 42.090022986112906
101, 0.7406000442990405
101, 0.8286021481044147
101, 1.3953438802641729
101, 1.3657835430120397
101, 1.90514377840485
101, 4.499149376960434
101, 0.13830353408791116
101, 0.0017042422235405577
101, 0.8621123209410674
101, 2.9019706096287463E-4
101, 3.3133956274449377
101, 13.40235381897133
101, 5.969716594842351
101, 0.9471011984440788
101, 0.05912499239335616
101, 3.6893883108240444
101, 7.294106978173477
101, 1.3878460565979802
101, 27.390795780876733
101, 0.6467242661421506
101, 6.216730100270556
101, 16.51443709826109
101, 0.6629767880129728
101, 3.882440244932349
101, 14.084975465931636
101, 1.0807517582427333
101, 0.060648023312343376
101, 0.1490588837695461
101, 13.084655851798553
101, 8.03623174165345
101, 4.869744082904584
101, 4.801149444244559
101, 1.0808673957485666
101, 11.271480191181585
101, 0.0919787206268417
101, 4.17870809319483
101, 0.03226537487559844
101, 1.1582602395801607
101, 0.22902740137232672
101, 3.797173425894178
101, 1.221653521384616
101, 1.1296349163499362
101, 1.5121446733630683
101, 0.31526031059220033
101, 0.5940966251557767
101, 13.57428043313265
101, 2.4617093484869614
101, 1.2468243315609744
101, 12.11747377297319
101, 1.5663488453737742
101, 38.24984373258568
101, 22.376440642500636
101, 1.5472738258945407
101, 8.196492705303207
101, 5.0456948786595115
101, 0.320700086345245
101, 0.6935815433461442
101, 13.33317903545605
101, 0.04029122781292954
101, 3.6912926760336995
101, 3.3966668435023313
101, 8.376630173381209
101, 0.8006496982433228
101, 3.2344390250712864
101, 37.061837482312626
101, 3.5337202149655167
101, 13.554599403412025
101, 0.005594756495852412
101, 0.4232344373694435
101, 4.426327113227944
101, 2.042560954264887
101, 7.135277670274288
101, 5.749684057754352
101, 0.8245016734480264
101, 0.6612164148227356
101, 3.988640884313691
101, 9.475737263462179
101, 14.37617312076159
101, 8.021436889595982
101, 1.3806653236209439
101, 0.007919171945258556
101, 0.5070688150505134
101, 19.53322034807713
101, 2.7633940395554553
101, 15.696369112763815
101, 0.5549037941954943
101, 7.903300711644467
101, 12.21073104254907
101, 3.5169973713118567
101, 26.24666027919697
101, 0.538783690758439
101, 5.880633357182507
101, 0.11716513379522608
101, 0.09692192626617903
101, 0.8192031811989593
101, 0.2433041833907949
101, 0.020726907743703955
101, 0.0067794372041832885
101, 0.08194826345208649
101, 4.99813858570589
101, 1.7312665822334457
101, 1.0510917316360004
101, 1.633598403570025
101, 0.47926549479037855
101, 4.985173987216898
101, 0.016098205264447375
101, 34.93335567997022
101, 21.6492973581402
101, 6.466456387029896
101, 8.502822783417406
101, 0.2413981974970807
101, 1.1386044848205366
101, 20.03824679181839
101, 0.10338154952472513
101, 2.962077470983364
101, 7.105443936112369
101, 19.137841576905927
101, 3.2155674803104213
101, 8.413453041439432
101, 0.033212475215004734
101, 7.66662320705861
101, 4.319402080174475
101, 1.238202504274388
101, 8.531273077279566
101, 2.563086979109838
101, 2.6425944282449154
101, 0.5595123354448314
101, 2.1781223893658974
101, 0.003158890520750492
101, 5.6974150440840265
101, 26.268949256751252
101, 6.843479779813597
101, 0.1186505531694213
101, 3.0579286384126066E-6
101, 0.04660716120074207
101, 9.66807987384974
101, 2.2086292644315466
101, 0.4650926786252534
101, 0.3780910630010255
101, 15.669929629315675
101, 0.5710011634021118
101, 12.689326048591063
101, 9.831030016323798
101, 6.608910288046642
101, 6.145543775422193
101, 9.582606399115628
101, 1.8668657280529246
101, 1.1385793839046014
101, 3.8478462449190176
101, 3.9642392578409233
101, 0.1830661648714636
101, 20.228547307603485
101, 17.847292235245867
101, 2.265406130860184
101, 1.036546655754894
101, 28.12559772565233
101, 8.969532069823055
101, 5.891997216861981
101, 1.050142171062623
101, 11.828440453851151
101, 8.702071668442462
101, 0.19441950585990028
101, 14.541934206203088
101, 11.452639829327607
101, 1.5925340450023275
101, 26.84910018862512
101, 2.979373330884875E-4
101, 0.41953330469807915
101, 20.857365187640422
101, 0.7720046993035543
101, 5.33076003168829
101, 10.364057319723006
101, 0.38672459505025847
101, 0.47230014001104353
101, 8.328962760558577
101, 4.767086384171216
101, 8.529797268901152
101, 0.03224365837717045
101, 0.0058719321558931385
101, 11.931671580357662
101, 13.341853971090707
101, 3.420098655556666
101, 40.18221261705054
101, 23.720531910060476
101, 15.42975745538678
101, 0.00210783336016678
101, 2.162263086401853
101, 8.321452394741655
101, 3.585393958051803
101, 6.256130959942369
101, 4.726069967650549
101, 3.865119294325588
101, 0.6581882326928197
101, 11.706240615065965
101, 18.593913390048172
101, 0.39364107536686427
101, 10.306535950947733
101, 1.0828209215874762
101, 0.8076555086694275
101, 0.13650995494451637
101, 0.644990608665796
101, 2.5541222001824053
101, 1.1499136122936509
101, 15.839658818582091
101, 4.60168437697749
101, 5.626585609268022
101, 1.2676631432905174
101, 1.9293006068489642
101, 16.099823733185907
101, 1.3307633745444318
101, 0.008535724842694778
101, 21.071006367567342
101, 6.540960778896329
101, 5.810585806463902
101, 6.678249512567109
101, 14.43469172739241
101, 8.503990626133493
101, 31.022984532870616
101, 11.627069657653816
101, 42.10411401143178
101, 6.078499238372996
101, 10.225597296576588
101, 0.07427518036024233
101, 0.2504725663843426
101, 0.19093269189933218
101, 20.076050578190387
101, 1.1482203267384272
101, 1.4776995851108554
101, 5.31679767945315
101, 5.814082480272453
101, 0.06734906047142651
101, 11.743674681863304
101, 0.32588365801339847
101, 11.855731690971353
101, 9.631821659886365
101, 3.158074383117436
101, 3.5706848023746645
101, 0.0391972218580639
101, 2.2261785669638834
101, 36.8201837325718
101, 0.33885030115999415
101, 5.026676230304185
101, 17.72629052405984
101, 6.011307929236293
101, 8.359015500657469E-4
101, 5.086700856361054
101, 1.859659530489778
101, 4.323908797899335
101, 0.14151250556158143
101, 17.927798051803105
101, 14.362557181379866
101, 2.0533918856495124
101, 12.548159225723229
101, 2.089141673463612
101, 82.67171265675553
101, 4.989612179257532
101, 14.943690277449369
101, 0.44472479361622785
101, 1.8435289337437828
101, 0.11410844301894812
101, 9.350523036422741
101, 1.767848105563368
101, 24.391122374764347
101, 15.622961410655018
101, 2.1794018288173636
101, 5.404814636274036
101, 0.3376976881653002
101, 11.05653888323301
101, 10.447363294926017
101, 6.375460237339584
101, 0.11348760350809116
101, 2.156245280981667
101, 1.4710109849444901
101, 7.804732480115717
101, 1.1650161849389176
101, 24.60500955858255
101, 13.959733380251263
101, 0.07662791329969461
101, 2.573421777482943
101, 9.011792137614815
101, 10.851490511900627
101, 6.4093727405144865
101, 0.03337610413726644
101, 0.3289836124617067
101, 0.030286154684120305
101, 7.300921999977401
101, 13.281562833973572
101, 0.11228305551115407
101, 4.00558610883636
101, 6.039867550121778
101, 3.3893340935648935
101, 2.7909920136399955
101, 2.1995999586599995
101, 14.786862882583565
101, 5.214669035668627
101, 2.2184163571219035
101, 0.9062970269652523
101, 9.298914318032542
101, 2.8401598991863883
101, 5.269087124282451
101, 21.73368532660207
101, 0.14083298826703386
101, 0.03999200756737555
101, 4.422838867787933
101, 9.506717030061644
101, 7.7839701352469515
101, 3.8578574675586474
101, 0.14066029939725408
101, 2.880839924174073
101, 0.6224376578198227
101, 4.029085015101114
101, 1.4103700032643802
101, 30.649833941436427
101, 5.554281202427818
101, 14.821605287116473
101, 0.5352690945763328
101, 0.02039564312935563
101, 8.27390975404514
101, 0.15257747302894067
101, 26.84509067821159
101, 25.416693240154324
101, 7.615153341526976
101, 26.589749561444776
101, 1.4820891138529813
101, 1.542648232877377
101, 0.08079802251582408
101, 0.3141936326383063
101, 0.06908568730288871
101, 0.8500317984468075
101, 8.314237637693969
101, 0.034097362377627845
101, 1.1820309221523584
101, 46.41891606211427
101, 1.46907981674459
101, 14.179001160051715
101, 3.537074531258293
101, 0.01582101976742621
101, 0.4244246609445608
101, 17.704426171096568
101, 0.5250815434860537
101, 1.6687742298155417E-4
101, 11.47764356726395
101, 27.711333299253486
101, 0.5317596429192647
101, 0.0487838981884247
101, 4.737517738889418
101, 6.01056397919161
101, 18.021912604674622
101, 0.49860636927771507
101, 5.466775017509517
101, 1.89450854399698
101, 4.624180122161474
101, 27.476249954725503
101, 25.3187419776583
101, 8.793367324614
101, 0.9653133389917398
101, 6.918825183296786
101, 0.0031711018420928594
101, 56.500744251447244
101, 0.6391736470245127
101, 0.050499088191468505
101, 0.006467614459490083
101, 4.1259893541414785
101, 0.8143737885661333
101, 3.294944666292865
101, 1.6860623247593638
101, 0.9602674296574101
101, 0.09976566815148075
101, 0.37233061556666036
101, 7.369836225025211
101, 4.279538721902433
101, 8.961828593517238
101, 5.110579578531919
101, 26.59061810657146
101, 8.272397006473987
101, 6.523046946965364
101, 0.3568567168918554
101, 0.704170137351762
101, 5.72390083751527
101, 3.7500103294890432
101, 0.2533459611055441
101, 2.8542551290500557
101, 8.617181803600667
101, 0.004840844790044429
101, 3.4264339215182655
101, 5.4180815975954335
101, 0.5317724540542413
101, 12.658715546034818
101, 3.327857785845222
101, 1.085331836155115
101, 0.005631794635668377
101, 37.47048546130371
101, 1.7177725545730942
101, 6.41844226388515
101, 0.2579767617436489
101, 1.2612373662072922E-4
101, 7.966395795813957
101, 21.84587709443275
101, 13.655564969648605
101, 21.255478496001572
101, 2.823791714173795
101, 2.9607367015802364
101, 5.861272119450368
101, 32.79517617350425
101, 30.091825215623853
101, 10.787954045787025
101, 2.4018501128566685
101, 0.039434839977670375
101, 1.953784509677947E-6
101, 3.0731845615102666
101, 8.96822232351337
101, 0.03736521285447242
101, 12.535635213324275
101, 7.27174521436271
101, 3.3996265526765526
101, 4.747182825869578
101, 0.9909047596121797
101, 0.01598775227369602
101, 13.536956228126675
101, 1.5096531380892593
101, 8.958003285432554
101, 8.368457882341266
101, 36.470903923336934
101, 0.0018400392644345829
101, 7.239259377598167
101, 3.140310320394245
101, 0.8864015402193356
101, 0.3161332511439558
101, 4.309167205289161
101, 3.9429454203336864
101, 29.70469234327676
101, 5.588475736414092
101, 15.207610306190677
101, 14.62219179608913
101, 1.2178067830507096
101, 9.677024562654383
101, 3.723541960087697
101, 13.445989331435639
101, 18.240043727026347
101, 2.1542015626708144
101, 7.835266428597817
101, 1.2443822500238406
101, 24.52979203791812
101, 39.713923183862434
101, 6.149886302472392
101, 0.524467664324209
101, 15.849902544599278
101, 1.0917950874475655
101, 2.4935539460901786
101, 2.3490706591736403
101, 2.708225983312341
101, 0.12898112848671134
101, 6.128915358429694
101, 12.055963838105885
101, 11.46169752483868
101, 4.870109180677473
101, 1.2248646424218455
101, 1.1275874598215352
101, 2.5997375598598786
101, 0.006865313875275822
101, 0.26313245512820654
101, 4.186854498136721
101, 0.3395956955802464
101, 17.674654977851414
101, 1.7157691427017976
101, 15.151655248076706
101, 1.0014356763066379
101, 5.881065595925455
101, 21.77872184010285
101, 5.887190163485369
101, 5.661387792464253
101, 0.42433442612759037
101, 1.3283200896360245
101, 3.415611995419845
101, 0.1184243755582648
101, 2.0574565737185764
101, 47.45993988581213
101, 2.5592104506946662
101, 0.5984032845096504
101, 0.4914193544791216
101, 1.9991020058287334
101, 0.13678539739791487
101, 37.09411134222664
101, 1.795516573489396
101, 0.6848790709935273
101, 0.16383903543102138
101, 0.024089533679399453
101, 2.2066683449228033
101, 0.3837530542481822
101, 8.152437611772426
101, 1.3577308913380928
101, 12.046110874495223
101, 5.29105042804053
101, 9.678182036700266
101, 5.779461312957202
101, 1.4492804601474099
101, 5.872470073234385
101, 25.600197809319344
101, 18.074368016275066
101, 26.101567906820954
101, 0.017974718317188124
101, 3.7240462635435905
101, 4.635733043787793
101, 0.0852075526487277
101, 1.6400341246367829
101, 0.8769803569410536
101, 0.026847018510501947
101, 7.697512801524588
101, 2.4077976111240917
101, 0.21255891650420713
101, 9.144209551565597
101, 0.021112628716344877
101, 1.7261545693200946
101, 18.81983955252526
101, 6.161067861274793
101, 13.282395275382372
101, 0.10102374116651318
101, 0.5859560907585581
101, 0.40337670499235734
101, 10.679661678935778
101, 0.012518723569761263
101, 4.502757445224811
101, 2.8376871051252754
101, 19.720457530804826
101, 0.012166402447795256
101, 0.006262565801415019
101, 15.555501904600726
101, 13.354716315952059
101, 3.303419915349414
101, 3.078511167186122
101, 1.8288919625239786
101, 7.243476470457178
101, 4.201754623020366
101, 5.142165351798428
101, 0.1751718951224625
101, 2.8755214250841257
101, 0.692396355249516
101, 0.6362370965957519
101, 0.0020590184645105994
101, 0.333635454335352
101, 0.14332675274260367
101, 14.216212322617967
101, 0.06832593146020365
101, 7.378810222343906
101, 7.218128107916235
101, 0.08484727472210575
101, 9.352363544981285
101, 3.112946131551827
101, 1.2109724028039677
101, 4.172059215488673
101, 20.241857429897088
101, 0.3147432587221899
101, 0.11216217342416057
101, 0.09973797116931565
101, 0.09173677504652406
101, 4.895336851459481
101, 0.01413841616043924
101, 0.8975526680774485
101, 3.212194843286898
101, 0.46941213577926855
101, 0.6429181941649131
101, 19.401652021731667
101, 7.235130683841567
101, 7.731329388733138
101, 0.19158838711651957
101, 0.025898374971564338
101, 0.8401971797959435
101, 0.4499887899831617
101, 0.10561296118061497
101, 19.841772357307374
101, 5.316848712156858
101, 84.79634189397694
101, 11.525973290739564
101, 0.8113183269638717
101, 8.789600015617552
101, 0.27529254627399513
101, 2.513904707548998
101, 0.8210113887801576
101, 11.692696070198357
101, 9.803114713890233
101, 4.418611981310977
101, 8.447093436490333
101, 8.327337898841266
101, 22.265394780358307
101, 35.080709050135184
101, 21.956353400585552
101, 8.319573334987997
101, 1.4555565254351523
101, 0.4942906513112117
101, 0.034265676640856474
101, 0.3192917715973048
101, 5.412092149169904
101, 0.9364451324757592
101, 0.4752595180013646
101, 0.9247881226154022
101, 1.2833269214461314
101, 16.553775317356482
101, 0.20047618213740653
101, 20.545482397169604
101, 0.19895538176631866
101, 40.14749949661552
101, 1.7925332819967512
101, 4.1885106037745885
101, 19.004183842097007
101, 0.006570378211514813
101, 0.014133722286452889
101, 13.044785781678566
101, 4.740414288908989
101, 0.03498582499350632
101, 7.41157112925887
101, 0.14827680012927572
101, 2.330132803891752
101, 3.851219201606788
101, 15.544251298788287
101, 3.27451153519788
101, 25.562480819871986
101, 0.009383675233332441
101, 9.112432747339357
101, 19.83924388508375
114, 2.5978386751130413
114, 10.553889766418882
114, 0.13140748095101387
114, 3.894822443746247
114, 0.9690935887331517
114, 15.510491191848233
114, 4.062664981300003
114, 1.314186972507728
114, 0.6098478340133607
114, 1.6090136836086744
114, 7.831617323883312
114, 0.057819538341271806
114, 2.088765702348104
114, 1.0800647680579516
114, 3.5647692624775824
114, 0.0032219197269046313
114, 5.021501403293341
114, 9.978071447664039
114, 6.314529677691753
114, 4.638891474727867
114, 37.418494441535096
114, 9.671903200363232
114, 2.988306016904761
114, 4.705950145123786
114, 1.5331367156028302
114, 0.3087007979425785
114, 0.3517472725319671
114, 2.2389832867231783
114, 0.35289389942290544
114, 17.701557444671383
114, 0.005952881450657777
114, 8.015731696719696
114, 3.199536986293272
114, 6.714268552361084
114, 0.23927758432215224
114, 0.7896848685083476
114, 13.44209435611904
114, 1.4983625588810472
114, 1.5157645112002271
114, 17.0667100036878
114, 7.729746112307759
114, 5.173135695246669
114, 1.5180402140058005
114, 13.737625811644547
114, 3.3604735337641336
114, 3.063728543360207
114, 1.3710222701801433
114, 0.22963557297567502
114, 2.079967289296393
114, 4.862309036320989
114, 0.020500513258003075
114, 0.4010257364452068
114, 0.7678897025510821
114, 5.179848925473749
114, 10.06305292091215
114, 0.022264200467702867
114, 0.017598235190963193
114, 7.75468110540505
114, 0.05464038978847022
114, 0.3500255522481376
114, 7.10500032924631
114, 2.804458843200174
114, 0.020223373558867927
114, 1.0478604844182784
114, 2.8957563481656936
114, 8.706817989787822
114, 1.3190298257663602
114, 0.043752512995553855
114, 3.792832000265393
114, 0.07392496388685917
114, 0.9011628590814871
114, 8.598388172329527
114, 1.3862993389064864
114, 1.409174391197772
114, 0.3534250659638164
114, 2.6112247223019813
114, 0.531228572140726
114, 0.05480593287081369
114, 0.36365519594612644
114, 0.9822395275120409
114, 0.5869384344344126
114, 0.9484429451217662
114, 0.9149947814849158
114, 0.04013758141509087
114, 0.44835655343801994
114, 4.833483222356573
114, 1.1485123656361012
114, 1.6469097932407853E-4
114, 2.5519166906908355
114, 0.03550771222132826
114, 1.814618172340705
114, 1.578876554842339
114, 0.012071405270988905
114, 1.80028004889953
114, 0.6615006973037854
114, 7.97669415765493
114, 1.9173258529963817
114, 0.2591155716866821
114, 1.7296755998950002
114, 6.991088983515948
114, 0.10611588529318898
114, 3.7115692140478065
114, 1.3207558998493951
114, 0.545833194156553
114, 7.613952297575316
114, 20.71152669421676
114, 5.0759941734478975
114, 2.0803255020010214
114, 1.0364954144037803
114, 2.413088449187281
114, 0.04814858137637924
114, 1.7606402435001396
114, 0.5013824501992732
114, 4.312308813289589
114, 1.5100126243314083
114, 5.405146350320333
114, 2.2506646171095053
114, 0.43065087783721145
114, 2.240525929699179
114, 9.24604569342224
114, 0.6427988248771613
114, 4.521621734539247
114, 2.037851969472812
114, 4.606364020282684
114, 0.194179220038415
114, 0.07442934653992773
114, 1.2831626744630684
114, 0.6137391749647357
114, 3.45110900608864
114, 1.017940795134349E-4
114, 1.9199291208655511
114, 0.23011041833701731
114, 1.904762241353493
114, 7.06904287188714
114, 6.298444836366974
114, 15.23589732612992
114, 2.7861786033453804
114, 2.6871544306798465
114, 0.16832552629359465
114, 3.5387552194553273
114, 4.468649977962842
114, 0.31626226745415736
114, 6.1890897346993015
114, 1.763296501802064
114, 2.8832331464462997
114, 3.148206126060051
114, 0.15802225001725098
114, 11.1831506437085
114, 0.3946826886717934
114, 1.8758438267435935
114, 0.26531960369106433
114, 2.6300058857946818
114, 0.07685922289549256
114, 2.8662228054891887
114, 1.2070794337104707
114, 1.1373132062578697
114, 2.9247245796627164
114, 1.271717053575574
114, 2.519321779272537
114, 3.783638897091171
114, 1.245092326700663
114, 0.12084772107403631
114, 0.4289206300810124
114, 2.9493980963888684
114, 0.4893891513105221
114, 4.480522970041739
114, 1.8286833574382275
114, 1.8217429971599193
114, 3.4609374641924053
114, 0.6832948025310928
114, 11.094890772142074
114, 0.31786415586117944
114, 0.3074737885132222
114, 1.3122441310797275
114, 0.09950448323854354
114, 2.037765401791415
114, 2.2283710614620063
114, 2.054978653304094
114, 2.796409057532266
114, 0.0012113232154246129
114, 0.029492260995098718
114, 0.14210928155810723
114, 12.904938128432626
114, 1.7369203177523012
114, 0.054520925499417144
114, 0.3644072525969472
114, 0.1693274883454427
114, 12.614813209816543
114, 29.44918120434731
114, 0.7112522118150463
114, 1.4536906001672298
114, 5.2162661000341215
114, 11.521104123974526
114, 2.6167808156223678
114, 9.899603357450957
114, 0.16854185542903308
114, 1.467336837238711
114, 4.824246904030375
114, 1.4595794069986434
114, 0.5353897135179344
114, 0.20197347796544235
114, 0.18178701311692255
114, 4.490967237244345
114, 0.9867979339767525
114, 0.013423523409178207
114, 10.527782568006346
114, 1.013122478790572
114, 11.39745326394284
114, 0.23294612586765484
114, 4.15195548192968
114, 1.9328435963568948
114, 6.09904071841661
114, 4.585794092843289
114, 0.07919424859123872
114, 0.919431031402342
114, 2.114694715633687
114, 0.08067976469972857
114, 2.6281813657398914
114, 0.2113009272853061
114, 0.8188366748135006
114, 0.08447837231781678
114, 0.7752025984838953
114, 16.3325142196563
114, 6.160520769841365
114, 0.4469935999223764
114, 14.677641966682524
114, 0.12257952891519631
114, 0.4347728965644289
114, 10.750427634252956
114, 0.2597125338482616
114, 0.8962842036878679
114, 1.0345787253560002
114, 0.7801711084922873
114, 8.697871586471198
114, 0.005974985131359549
114, 0.4914275921243692
114, 2.5732498306002975
114, 0.0144390595101849
114, 0.14754997809391127
114, 0.015030482179492793
114, 3.4293506162520084
114, 6.467989270591485
114, 5.415351724730117
114, 10.859934581054741
114, 16.52498719075606
114, 4.7507576048251625
114, 4.127323142016701
114, 0.01894144684884532
114, 0.015480103810989567
114, 1.5110235930481826
114, 2.04268931570423
114, 4.3399796134985715
114, 1.358904518543765
114, 0.6575032837219378
114, 0.3703604725785667
114, 0.5601441995690863
114, 10.664936978051168
114, 5.2462284942621285
114, 2.312410682973831
114, 16.33531098174783
114, 7.063552815327338
114, 11.388473371954408
114, 0.17212213010510669
114, 1.3315368180721585
114, 0.05354836383839096
114, 0.28558407441773537
114, 0.9614530069196308
114, 6.732330588111597
114, 3.1655790897049214
114, 2.1259739866796843
114, 6.207217228430543
114, 1.508044303745497
114, 2.338406143194174
114, 1.0342918639372758
114, 1.1794652780499195
114, 0.6446334262224067
114, 1.8077006081850648
114, 0.14106156697302807
114, 4.480606117081572
114, 1.32661439609448
114, 3.6602869558896636
114, 0.3434546345742647
114, 4.313145582017159
114, 4.8441168107086545
114, 7.269774380749626
114, 1.1763336883446738
114, 3.0376344397214528
114, 0.6922657122351641
114, 0.9467645051384266
114, 0.9555015727351804
114, 1.9382120121631101
114, 2.8489880019283125
114, 6.423189973948463
114, 1.1431098961561914
114, 0.03192932453952926
114, 11.305168536655534
114, 1.6382564905424837
114, 0.0304225450878752
114, 0.7908759239329249
114, 0.2247619947039443
114, 3.84958339444774
114, 4.286609179650382
114, 2.6867332480661954
114, 0.7880875294632474
114, 0.10054393006835101
114, 0.3132367787972313
114, 2.265113491723502
114, 0.6472471879405244
114, 11.79975956385989
114, 0.28903980283371766
114, 4.160808389548398
114, 0.9218483155283181
114, 18.99966453790199
114, 0.003897011786720501
114, 4.139040807536617
114, 2.364290471878178
114, 0.14238650470794503
114, 2.5607966845062036
114, 1.1738025627607498
114, 0.4158388230143295
114, 1.551191308187808
114, 4.9924929953161215
114, 0.4267798497090479
114, 12.854405844609563
114, 2.7954845096638077
114, 0.026121000949755998
114, 6.093134579713729
114, 0.09055445413797397
114, 4.493397322573825
114, 1.2922992280549235
114, 0.296908133382117
114, 0.810046968674766
114, 4.2690713506383275
114, 17.653764696565837
114, 5.706990179282439
114, 5.521124364902597
114, 0.5660694476204919
114, 0.1491365954709394
114, 2.564383336675626
114, 4.499664680920935
114, 0.43449208745388024
114, 3.604741820512326
114, 4.52300843686754
114, 0.5100758609645285
114, 5.398361449215549
114, 0.0030078942873244213
114, 0.2560521527283278
114, 0.020767257085579083
114, 3.956425195323403
114, 1.3452921244013005
114, 5.834516349004216E-4
114, 7.292391154448729
114, 6.201668081125619
114, 0.9708150406510034
114, 1.2601540133501246
114, 0.05413359830185361
114, 1.9074996142541616
114, 2.0039168486790264
114, 1.5270983597818488
114, 2.0813531214717886
114, 10.286641417133511
114, 31.671422152638073
114, 5.125970769427214
114, 6.827298701200453
114, 5.325217373589184
114, 0.9821468588753599
114, 8.782725713558314
114, 2.2037225435990067
114, 7.310182057586309
114, 0.3603718478368573
114, 0.02633149002505987
114, 1.2773345143486234
114, 1.2698004211375198
114, 2.725526976921694
114, 2.8582187983737732
114, 0.28080089771645816
114, 0.12917119979779615
114, 0.8706456777403154
114, 1.1759609619796376
114, 0.5264509883692973
114, 1.5159651177050584
114, 0.07985347835644784
114, 0.10276697862493565
114, 1.3363797153274322
114, 11.346002166019026
114, 2.105548954973308
114, 0.0030016583452835816
114, 0.6504027474817167
114, 0.34923290064764306
114, 0.3528255908254127
114, 7.601692745410041
114, 10.011673682902638
114, 8.571243677145025
114, 0.4259266158688882
114, 0.5515770031311282
114, 6.244085166456363
114, 0.42188583240307764
114, 0.05641746141006708
114, 3.0642297020078373
114, 11.590726089456497
114, 1.9349756971513115
114, 0.0905733765950197
114, 0.4163437760524663
114, 2.71998986874634
114, 2.9630651080880233
114, 2.826452420814876
114, 0.5434877661667438
114, 3.065193556981762
114, 2.1246271767081497
114, 0.9688932142588932
114, 0.2726979476783495
114, 9.750041941120566
114, 0.561836253661273
114, 3.0608103398597963
114, 1.2371329111914786
114, 0.2343727677823205
114, 7.586551770904124
114, 1.8260275062737683
114, 3.7649593959145085
114, 1.9041653571922326
114, 3.209077888816573
114, 0.601335376739927
114, 0.5979627112106918
114, 3.8732043952944832
114, 1.984240325552426
114, 0.6454163877587852
114, 6.631449541700305
114, 5.854264316730843
114, 7.69532037487111
114, 1.4490903813158291
114, 10.778860776296314
114, 7.735306043939875
114, 1.4011814694317783
114, 7.697206098376606
114, 3.0417285035254853
114, 0.7572650139061506
114, 0.30832424696115723
114, 0.05785020755435457
114, 3.3525575362050386
114, 8.599469012902128
114, 0.1282000503836995
114, 0.5699961961117794
114, 3.9443343078902835
114, 0.8040952726732246
114, 6.6598123993768
114, 0.6975439539779619
114, 2.8577846068608963
114, 7.083845540836536
114, 3.718543648524805
114, 5.345494925565656
114, 0.339463039625413
114, 0.007902906697679063
114, 6.806844935144875
114, 2.0029789070462134
114, 1.6942724846180428
114, 0.35040838814820574
114, 8.71434593996526
114, 2.0380428353708204
114, 2.3498121361326145
114, 0.07777630864237776
114, 5.1820245004205585
114, 1.1769463750188305
114, 1.4656610687667861
114, 10.505689869875534
114, 1.9476779220142373
114, 5.893383470422497
114, 1.0631040402447713
114, 0.5108079008999756
114, 0.2603614835145168
114, 4.5431231224886774
114, 1.8955755529864642
114, 4.297214457332035
114, 23.011814250397883
114, 0.013311634235858717
114, 3.969437597432667
114, 9.448360680024141
114, 1.8290771354270603
114, 3.305946982648226
114, 1.4108358469803772
114, 0.2379125234005821
114, 26.69125775008742
114, 0.9427902962706476
114, 0.008435232175913637
114, 1.069248939396223
114, 5.967678989416366
114, 2.6286301539689916
114, 7.459542958809044
114, 3.5339288091310075
114, 0.15263691569160384
114, 0.011138626845584606
114, 0.7358258675041243
114, 1.629221431801466
114, 0.07051082577629965
114, 1.106105213715799
114, 0.32919321163444615
114, 0.13333027577830284
114, 5.456354921500282
114, 0.6139197645876249
114, 8.415540606493284
114, 0.5765739365065201
114, 2.8608135811726605
114, 0.9251522102467087
114, 0.6200900986492326
114, 1.0813348028294623
114, 11.050421645510074
114, 0.12907574072104755
114, 4.024171667936057
114, 0.2671814072062383
114, 3.731543358136259
114, 1.9070964912627273
114, 2.4903451080395183
114, 1.402136848506059
114, 2.808561057880041
114, 24.357119124571444
114, 0.5641204082041328
114, 0.06974280694137544
114, 0.22897339338986508
114, 0.7461409806166248
114, 0.04546432827079825
114, 0.06258627526017448
114, 0.45621876631008507
114, 0.06732016335660487
114, 5.244790841663638
114, 6.041797899095526
114, 0.04392861148744247
114, 1.2495624759954176
114, 0.027212823639107254
114, 0.00915807542067017
114, 1.8224315159998077
114, 11.39504210272524
114, 8.373623503449556
114, 15.880464386521554
114, 2.029934938240629
114, 18.634403886304483
114, 5.632222756136289
114, 1.3161251606620403
114, 1.671557938587142
114, 1.509766945671413
114, 0.08630573270406144
114, 0.4406081249265581
114, 3.006740661317129
114, 6.641192923043348
114, 2.6121818201749214
114, 0.016250436363951938
114, 2.1262225306244575
114, 6.205840010810204
114, 0.0029451156356644836
114, 1.006189302313872
114, 2.0148406587160386
114, 1.4538361454894377
114, 11.757274845582181
114, 0.7882384250976137
114, 10.608943153244157
114, 0.09970282881453568
114, 0.17597590873287358
114, 0.6983180821792893
114, 0.03265051385441936
114, 1.286996982320277
114, 0.12146124139329678
114, 0.017872065810770242
114, 3.1646421684581454
114, 3.1726699068726303
114, 13.635543139846703
114, 6.100880608592337
114, 1.0264317846987998
114, 0.5708016505359937
114, 0.20416526354885262
114, 7.922947967218778
114, 1.0495799686499205
114, 3.413946742816743
114, 0.06432593815835774
114, 7.49321188240031
114, 0.021540023102965575
114, 0.24869404740830126
114, 1.6084287772250192
114, 0.9613803769263144
114, 5.741050518147057
114, 7.654137399230047
114, 1.2835279936810584
114, 0.2318369298682909
114, 6.838770825515199
114, 18.72517653171067
114, 0.3929259156525148
114, 12.474800621849084
114, 4.153120691692096
114, 0.9955767260341364
114, 5.412915271977355
114, 0.5248448039276472
114, 1.3124878453422348
114, 0.5318464676569328
114, 3.0678072741792946
114, 0.5400355703524428
114, 4.37037380361265
114, 0.4658061485993444
114, 2.7932610442260666
114, 3.8653703408842497
114, 0.004518955976992279
114, 1.2852948997232772
114, 0.05282077952057551
114, 1.759916251463859
114, 0.3216727368503569
114, 1.9630289627486987E-4
114, 7.939484100704285
114, 7.234423967706145
114, 0.49554153106561805
114, 2.103470939055858
114, 5.512309621076494
114, 2.498058660830478
114, 1.1945736532874434
114, 3.074423300217713
114, 18.51409340826705
114, 0.9684729952652549
114, 17.72282403829482
114, 5.437131009590109
114, 7.683320938029818
114, 0.35830808011195303
114, 0.44782292148366676
114, 0.8123719024436852
114, 1.9583193073810594
114, 0.9106086418378708
114, 0.17344741268313082
114, 0.013739093026920607
114, 2.6362771529635625
114, 17.907507596338522
114, 0.08846449163622648
114, 5.010258140307575
114, 1.074057397637696
114, 2.5960364375665606
114, 0.27409390531558725
114, 3.058372266590953
114, 4.53074368458269
114, 1.2287901334858116
114, 2.2450400706402625
114, 21.26519202885685
114, 0.05874118361948602
114, 0.7996979100738754
114, 0.6064185914632318
114, 0.04939172349867678
114, 0.4121868756629701
114, 2.091024731626519
114, 0.463484200184524
114, 6.292854519961947
114, 6.202800497475197
114, 1.9814416645110868
114, 0.24300973464562683
114, 2.726058296597862
114, 2.7258571016063797
114, 1.9319993158401991
114, 1.767404118429316
114, 7.317285365427805
114, 0.7551913495303673
114, 2.03648036846749
114, 0.4236627851881711
114, 4.461131426510152
114, 20.627636699898666
114, 1.163036798346799
114, 2.471935675016757
114, 0.12578367805538512
114, 0.03558615156957454
114, 1.0061316485092286
114, 3.1067524154704693
114, 17.782470075307103
114, 7.503892525567534
114, 0.043801284163926826
114, 1.719853906211687
114, 3.221358261558642
114, 2.392686279703866
114, 0.0025223704992982333
114, 1.2109869041682855
114, 2.4708100198935687
114, 2.293696673975376
114, 0.9281884642403423
114, 2.2363419563507687
114, 1.6643466940627274
114, 11.33576226057799
114, 0.027087089778751756
114, 15.599264266986516
114, 1.7415938984005463
114, 0.20110551137475047
114, 0.2896298871398708
114, 1.2369481583213104
114, 0.40939148739366427
114, 0.08522814325562156
114, 0.4049729869510781
114, 0.09455666207479477
114, 9.371354593895184
114, 0.7907569663005048
114, 0.013028120740216104
114, 12.975709912734237
114, 1.1242295451722013
114, 0.10213123406332665
114, 1.9556952972940718
114, 12.962832895032095
114, 1.5102963560926475
114, 0.41425212116214727
114, 1.2012149295878296
114, 5.645733583019868
114, 7.290240663853769
114, 6.059006286009256
114, 0.11908200632873797
114, 3.8293001317315514
114, 0.17750111508891464
114, 6.760771301321657
114, 2.575124852987759
114, 2.834639656253997
114, 2.7071659384900544
114, 0.6445356316528931
114, 0.5795508882133711
114, 0.09278982010631491
114, 0.01903086931044323
114, 0.38272762368414737
114, 0.531791722388221
114, 0.43981252596396875
114, 9.986731658938293
114, 0.21270132516151194
114, 2.4608484344953943
114, 0.246320959828841
114, 2.1688639691488243
114, 0.1282115512326233
114, 13.35729196655732
114, 0.1455692501081745
114, 8.690950893011673
114, 2.0423720527017037
114, 1.2870182501544907
114, 1.9905171770121886
114, 4.3540208971015595
114, 0.008484911662374112
114, 2.3041812479869392
114, 5.254985649114437
114, 0.6271870891442994
114, 0.3059098209397974
114, 3.5660289004859687
114, 0.011881627215209486
114, 2.4251589655984063
114, 0.2109290343082827
114, 8.340536154981532
114, 0.9123134859996244
114, 4.934820088587334
114, 0.13277234159396067
114, 3.074807013587662
114, 2.5733960589343208
114, 1.9299642501182221
114, 2.1444172084985675
114, 1.0088008893584506
114, 3.2412576527784265
114, 3.4532804237569588
114, 3.2239378917687747
114, 0.012289759850671045
114, 22.937668976160243
114, 7.413180759373396
114, 0.8373529072290845
114, 12.234909466732365
114, 0.03990593039149266
114, 1.4698482463204188
114, 1.0637247067359374
114, 1.4254801021762886
114, 1.3904239998845862
114, 2.693880008220062
114, 3.6142063540089033
114, 0.08242843971112719
114, 0.4440251886487055
114, 1.7738154699336477
114, 13.61707514138167
114, 6.159375366508099
114, 5.700172206599547
114, 8.267794731658348
114, 7.446413370681616
114, 0.23775304184792886
114, 1.73678125372965
114, 7.494881585262771
114, 3.850435637311577
114, 8.412768500472097
114, 2.909621780741106
114, 0.9997986545281002
114, 1.558040580117496
114, 0.0979452638730933
114, 3.6558435820642496
114, 6.758000259383671
114, 4.049959559157982
114, 8.432446803555166
114, 4.660753827362306
114, 0.4370075178586634
114, 6.938631957852698
114, 0.4180882591276227
114, 1.5412481894687882
114, 5.019176326293934
114, 0.754712012912893
114, 7.719320946565788
114, 2.2257234256454965
114, 0.034263904305577846
114, 7.594824466243938
114, 0.03731155959456885
114, 0.9667504073798214
114, 2.4364031449855017
114, 0.051097928289217054
114, 0.6571037783353549
114, 10.411053414780268
114, 6.78224840145391
114, 2.5760306551067367
114, 0.5442102189945921
114, 0.38258870634735426
114, 0.7233760759639677
114, 20.386441860840073
114, 3.3444761360096176
114, 1.6334618308723567
114, 1.5060308054536415
114, 5.375113221280201
114, 7.9355754609343325
114, 1.8638469748696977
114, 3.7089099613533
114, 0.9784593009349153
114, 14.58827562650033
114, 0.44498267124071095
114, 1.8886830357434339
114, 2.0075542167297398
114, 16.533270903296497
114, 0.7903628342423054
114, 1.8905115281161564
114, 2.736532477498843
114, 1.6818208563095216
114, 8.42693278802732
114, 5.116560286949239
114, 0.11708211667676446
114, 3.9863103052079096
114, 8.23769198703052
114, 2.0859856024141403
114, 2.2611560748574506
114, 0.06478986132714266
114, 0.5733064018828598
114, 1.1343745989430751
114, 1.275361563448651
114, 0.46696093040212566
114, 2.040273415197728
114, 0.6990296824131261
114, 0.0075002973505961645
114, 0.5729557036180098
114, 2.1456695274707553
114, 1.7196344272686044
114, 4.0052131008569
114, 3.3937570068612732
114, 3.0393042584708723
114, 0.30302787927513736
114, 7.291085311006516
114, 1.492553309023873
114, 0.639598727744994
114, 4.703312303756937
114, 8.929458117317555
114, 0.7252864826085221
114, 5.981533384972833
114, 20.09129980969313
114, 1.2011101159231106
114, 0.30456974090760874
114, 0.3855201117411528
114, 0.7826769681027068
114, 0.4979651608184888
114, 0.08242350387160077
114, 6.86011812793612
114, 0.0037934835348505096
114, 0.06262879073930111
114, 0.1818311791787998
114, 0.15230934095261378
114, 10.294307698367845
114, 12.920881351738052
114, 10.723561090870282
114, 2.2513878148682243
114, 1.6543377979910197
114, 13.239709023495655
114, 4.314666419628126
114, 2.872052829268233
114, 6.830850444218063
114, 7.353949277884101
114, 0.5303858643606458
114, 0.004356958921293212
114, 0.010817455834817632
114, 0.6846823012894315
114, 4.102745903048576
114, 0.947174293208526
114, 16.56257885826856
114, 0.9968024297923983
114, 0.397852976346107
114, 0.4815173197696212
114, 6.813977092064016
114, 0.6816409561172314
114, 2.7582287219534596
114, 2.307924961128495
114, 5.097650731309177
114, 0.14364025876835324
114, 13.71258350221394
114, 0.019203297171833847
114, 0.06930708879103709
114, 0.3001193228092212
114, 3.46967940404722
114, 0.16639735659942276
114, 2.739854667564021
114, 5.1266638999204615
114, 6.381587275124537
114, 2.9366489874978314
114, 5.0424891064253154
114, 0.8860117420771813
114, 1.106922219816812
114, 7.894501041539457
114, 1.9468126152685303
114, 2.0539612067239954
114, 4.347323245043871
114, 1.6999929817896777
114, 1.3306623591042728
114, 2.959882927106865
114, 0.1738609790121106
114, 1.5807068523219234
114, 0.8871296335210657
114, 7.298046875654572
114, 0.2939306833009692
114, 4.652741809662966
114, 2.224381648367276
114, 0.31173462634303795
114, 7.778480292517287
114, 10.44905152865233
114, 0.2490022808993099
114, 7.927556400289498
114, 3.143587223540446
114, 0.507356994479995
114, 0.11827234219000714
114, 14.463809241020913
114, 3.763069105575938
114, 2.6569915745149095
114, 3.6078021461499667
114, 0.07983381845421719
114, 0.3340764645799823
114, 9.74962751180496
114, 3.5057894278587853
114, 7.701812425047923
114, 0.05489966536733701
114, 4.3558698481516105
114, 0.5757840490836953
114, 7.755948201115182
114, 8.849898270010007
114, 1.5626453805685163
114, 6.95472112297865
114, 0.0781596946529198
114, 1.71232241907549
114, 2.3014724546788345
114, 12.841458840331503
114, 1.5866326857966115
114, 3.5246132906793646
114, 0.04129372626669156
114, 1.6729862992007523
114, 11.379391628172744
114, 25.744413179505756
114, 2.2684360287859016
114, 0.07916472700763555
114, 1.269526241121817
114, 1.7724266195772493
114, 3.211847307586645
114, 2.7796097876303514
114, 3.02660559183393
114, 0.7209832458463276
114, 2.996208053207457
114, 11.491348032341207
114, 1.4432901935465745
114, 0.7485940707566162
114, 2.3333882674051405
114, 0.4001942513576395
114, 0.10956557012017715
114, 0.02226740721653303
114, 11.044028407071668
114, 0.585522871958603
114, 3.6542559809841366
114, 14.143401141956259
114, 1.5740277310174242
114, 2.9020688872612923
114, 4.138610430597471
114, 0.913868127340327
114, 10.11239082162831
114, 7.347831358322145
114, 5.955015200356011
114, 9.024158291770496
114, 0.05588440104983016
114, 2.95080164944769
114, 10.281031748223336
114, 4.70626276012065
114, 1.1991105453332902
114, 0.05281926418569851
114, 0.759946061940665
114, 2.308292447542245
114, 4.178240890775909
114, 3.6715007654641023
114, 2.1313480231500193
114, 1.6845594859008788
114, 0.5942181733180035
114, 1.3109877644462555
114, 3.8630772808700273
114, 2.837906354569591
114, 3.4516085045899656
114, 0.438458479361363
114, 0.39680297271804965
114, 5.846009300548012
114, 3.070813723652965
114, 1.5031952198332597
114, 1.4176212064633356
114, 16.008624001055903
114, 0.025453884170340405
114, 0.05047185128370929
114, 3.378912891250044E-4
114, 2.1621783531096983
114, 9.45305489960484
114, 0.5097194403182703
114, 0.411999544582559
114, 11.42285299949727
114, 7.573103773032864
114, 3.923399522544747
114, 0.14010903477242825
114, 2.1171523077115224
114, 3.161444086280509
114, 4.852633393627839
114, 4.048633254410858
114, 11.265735341494231
114, 1.5541246747645916
114, 0.013062449656712018
114, 0.3190115024778775
114, 0.9469903343821563
114, 0.47830228148252296
114, 5.1167853531947145
114, 4.277275688999573
114, 1.4489898010686861
114, 5.948366163215491
114, 1.790826931524377
114, 0.1559325973758676
114, 1.3726181513559774
114, 0.4887081633564918
114, 0.03148352664802833
114, 8.25728586169648
114, 0.9121748002041905
114, 1.8099625239405712
114, 2.5950770564759225
114, 0.01996093970478597
114, 5.493125641518439
114, 0.9663573384095971
114, 0.9233977147048265
114, 0.7415537128278655
114, 6.300238042616028
114, 3.0399631118331065
114, 8.155074106218656
114, 0.06516906837311064
114, 1.125703288689661
114, 0.8697695997677729
114, 0.025548032751705824
114, 5.596314476731449
114, 0.40301294744766697
114, 0.08745914738061643
114, 0.1380060205754213
114, 3.097574314786398
114, 0.03920585629667701
114, 1.0710989625796052
114, 2.793461196356752
114, 2.333770552549944
114, 1.2944590897495363
114, 6.418418151741611
114, 1.498237757737596
114, 1.6182403672631478
114, 0.7146526738761108
114, 3.813656371060365
114, 0.24014057791309473
114, 3.3095137949792783
114, 0.2360017672943924
114, 7.619013029924853
114, 5.3904013173212535
114, 7.531698696062222
114, 3.035388288935626
114, 8.40007614251923
114, 0.9768735300384905
114, 9.707272483421765
114, 2.1628514721026956E-4
114, 0.009361847414583504
114, 0.617637969829827
114, 0.18379395825041053
114, 5.272193109688829
114, 2.9805860614516653
114, 0.5086469288995696
114, 2.8505262181826834
114, 6.746420125274769
114, 0.06646251235124394
114, 0.11737973146359248
114, 2.794924463035788
114, 0.004168690601245161
114, 0.987896775431488
114, 3.0224539524432106
114, 12.102581527187063
114, 0.444333303245836
114, 3.8566066548912454
114, 0.9390925195719794
114, 1.0717181715021897
114, 19.55714025100874
114, 0.00732410638665544
114, 10.743697674069912
114, 0.5810570159676655
114, 2.4372600647442653
114, 12.482654456776581
114, 1.0041815249853419
114, 0.5540231792776021
114, 2.7423468831272615
114, 10.08816508670139
114, 7.368033950645093
114, 1.5348311691498866
114, 0.5707813853356396
114, 9.071291432344951
114, 0.07468326641968631
114, 0.09254452316896242
114, 0.012206821775576937
114, 0.3083643698264576
114, 0.4059059097642605
114, 2.8021602653954467
114, 0.09240575290488814
114, 1.1075751303163062
114, 1.4490105709151786
114, 1.4497367323452983
114, 0.33125631176495857
114, 1.2624472513330698
114, 1.7248907058142442
114, 0.822435582940798
114, 2.5686456196458014
114, 2.1759104059476244
114, 0.8903906222934508
114, 10.275049563074887
114, 0.3623249537241732
114, 0.3316828659227503
114, 0.01120555105227832
114, 2.27446632848102
114, 2.533022447105354
114, 0.0829550557750996
114, 5.839168394363834
114, 11.067310521381872
114, 0.49530702243458075
114, 1.3844803057840662
114, 0.41469482201056174
114, 0.5815087663067512
114, 2.379710246149876
114, 4.8243404734647894
114, 0.16526598625744254
114, 5.4282833722647
114, 21.474547117689703
114, 0.10930244834267817
114, 5.309350974283161
114, 5.033333245412593
114, 0.5568026945590853
114, 2.3240580592287854
114, 1.0596965305652644
114, 0.2451531719231473
114, 0.10733550883419186
114, 0.8883749871529256
114, 10.924397455242568
114, 0.1577293697442238
114, 0.22274917341683093
114, 0.17578542421565063
114, 0.21477310760674367
114, 0.062155180431361826
114, 1.5869647396957485
114, 2.173118439448349
114, 1.2206820405547576
114, 2.6065174796975414
114, 2.043832849957048
114, 6.469014266968882
114, 5.291816007865067
114, 4.941057980582722
114, 3.462544874436145
114, 19.774455590795313
114, 0.7926537656347162
114, 0.11229008319806931
114, 1.1686611216561906
114, 0.39577625775012765
114, 4.199384018015572
114, 3.2357362976779256
114, 6.741259903534057
114, 3.741732083679956
114, 3.080316988738141
114, 3.5007591675458527
114, 0.9271653066481074
114, 0.7465699819878242
114, 2.5183408178267865
114, 2.3540898876233585
114, 7.398221656355491
114, 6.104976962521614
114, 1.2096433987240356
114, 0.041070475891805874
114, 1.113137079491952
114, 3.6830823080983897
114, 1.2360631686840087
114, 1.2148660682495964
114, 2.341477934231118
114, 0.29856326402952427
114, 7.326129325389031
114, 1.7784635437485479
114, 0.19013796514632342
114, 1.664006644666026
114, 0.1316686517385842
114, 2.68277606472396
114, 5.231087471394578
114, 1.2386590833211177
114, 0.8020025776492162
114, 2.287950042326609
114, 3.810000091414141
114, 1.299517602873933
114, 7.315396032004075
114, 0.02677316710400945
114, 3.750976378459565
114, 9.44346697992265
114, 3.9620936471953745
114, 1.1884530744631367
114, 0.18218383575145422
114, 5.828130940057579
114, 2.585858616944699
114, 2.107259067627983
114, 0.7525721675582064
114, 4.628082983941083
114, 5.345692877136219
114, 0.6762854762119807
114, 9.512662976975506
114, 0.49500139954741956
114, 2.9244978844835785
114, 4.892889213320082
114, 12.168225807037052
114, 0.5772212825900934
114, 0.4321290222868027
114, 0.44189165578784995
114, 11.745268089493548
114, 0.8931369137929502
114, 0.2367200640611124
114, 2.9473351819822313
114, 2.7806613178384203
114, 27.066877086187834
114, 0.05260417954393106
114, 1.8253944971234297
114, 0.10140990900453366
114, 0.3768646386866032
114, 0.11972128741506975
114, 0.01937229789479887
114, 4.919178912367729
114, 4.091691052441845
114, 3.3190447652755046
114, 5.6900725495645155
114, 1.7725969590207273
114, 8.839448688394432
114, 0.07790859117136271
114, 1.6762066199008676
114, 1.4609007040435373
114, 1.0617043923222416
114, 0.05162377122311369
114, 1.2271010983733617
114, 2.7901619462623315
114, 8.64308702797004
114, 1.7508385281021526
114, 0.24920895155439057
114, 7.762634001761386
114, 9.919985328497354
114, 6.980514380669741
114, 5.420827071386411
114, 0.24774966440573437
114, 1.7738898520129416
114, 2.2118881297939192
114, 10.796040218796414
114, 1.9693978189508448
114, 0.28751665310282887
114, 20.180889342377675
114, 14.798467817649705
114, 2.9152816028963673
114, 0.9507953192387492
114, 6.057351953598961
114, 14.063089079213695
114, 16.515164260564177
114, 1.211882208823979
114, 0.9532137887855117
114, 9.630154924486439
114, 0.0019048880651761804
114, 0.9900615101177356
114, 0.23650162816112416
114, 0.0026941206687530143
114, 1.1158474705709835
114, 5.498600457577572
114, 1.2021238667179301
114, 0.16961987628246095
114, 1.0216490018363027
114, 14.223990337280643
114, 10.301820542915314
114, 6.699278138392736
114, 0.38283424926620513
114, 5.081556980109915
114, 0.31519910107197335
114, 0.8735589050327727
114, 3.1510706737181415
114, 0.08256361326240651
114, 5.143245249492749
114, 0.6804933808846537
114, 0.3270130617773026
114, 7.132806096599026
114, 21.492145223092948
114, 0.002909434432983395
114, 0.26646793891601306
114, 1.0584855553525252
114, 2.5324223866395092
114, 9.404031794454124
114, 24.222375601030887
114, 15.192371966927976
114, 2.4101218758373353
114, 2.7262187207551887
114, 0.38241490492936053
114, 4.698580187002515
114, 0.2592114912624499
114, 0.0014996518188945252
114, 6.678153480536192
114, 1.8894439047708838
114, 2.172886647520268
114, 0.004881315183609161
114, 4.746029664825277
114, 3.6758299300978323
114, 12.187366538497255
114, 0.05474310858839319
114, 1.982221022202327
114, 0.07817980929972905
114, 3.136067486552603
114, 9.109725922836226
114, 1.1773845984237041
114, 2.6708906353248736
114, 5.705840433560129
114, 1.9852543788564119
114, 0.026370753122317188
114, 0.03625444710453923
114, 0.8503832448277331
114, 0.7542695624120733
114, 9.770809859152873
114, 1.2907197854780643
114, 0.22971490755869287
114, 0.03913929723878335
114, 6.467059454734592
114, 7.24397575199399
114, 5.87271846722922
114, 0.5073721952678275
114, 11.390934777659275
114, 0.6619136280394924
114, 1.8385363638075347
114, 5.146624377101764
114, 0.7965261229431627
114, 0.6176669216175481
114, 4.102513850305934
114, 2.1136351996112253
114, 0.387993480388193
114, 0.7539657391138029
114, 2.258055249763002
114, 0.025061046525255027
114, 4.57417803401429
114, 2.1030089028739614
114, 7.230067022677986
114, 0.118945774782299
114, 7.639780725028512
114, 1.94043035471144
114, 7.424947266229954
114, 0.12049986109550638
114, 1.1032706981718103
114, 1.0293243543826454
114, 0.5260839125915417
114, 2.6873613482736642
114, 7.28444765894499
114, 1.8678192832425964
114, 12.137029237886622
114, 1.8438898419122642
114, 0.6036507188921713
114, 0.5461756925681528
114, 0.20156510431203037
114, 2.290675862539739E-4
114, 7.428909871737732
114, 0.9448692642391492
114, 4.020276888843193
114, 9.129540162761794
114, 7.758002927324419
114, 0.12451748914434611
114, 0.22467046497535484
114, 1.1902164843049023
114, 0.010862002914221857
114, 0.11305601861431318
114, 5.922683370384288
114, 3.872213214369515
114, 1.854697105924042
114, 10.81711216736777
114, 3.4748869688534945
114, 0.14858683838288864
114, 1.9145999677025318
114, 2.164475612074934
114, 6.1059427966434425
114, 7.146735829908288
114, 2.254271879568217
114, 5.399761316879857
114, 0.5516055342035387
114, 0.004813420001971679
114, 1.738412649876447
114, 1.9809648154025867
114, 2.796011928885206
114, 1.662458271282753
114, 5.722959376554097
114, 5.1655968001512695
114, 0.6252027933904473
114, 2.733628888668856
114, 0.25911754992402436
114, 7.028396644098274
114, 0.10900591714089668
114, 1.7235527048823
114, 1.2138844760477263
114, 1.1950695625987495
114, 0.5089774404333361
114, 0.7850031818072619
114, 7.425193524602545
114, 12.331105128382392
114, 12.541498749542212
114, 8.195096286208237
114, 18.06835039598192
114, 1.4463018268390788
114, 1.1057440157998144
114, 0.8247518669348733
114, 0.41965686058387996
114, 12.233362875874775
114, 2.6113439373528458
114, 3.333781733484378
114, 23.85779715947045
114, 10.487981594250813
114, 0.11250694235267404
114, 0.4260445338990135
114, 1.2402851915021866
114, 1.8807913357410546
114, 5.245955765248606
114, 0.006573670426656482
114, 3.5780426161129526
114, 29.767164572945838
114, 0.45494877100217873
114, 9.278771380252085
114, 0.004454918273805693
114, 6.581915539007999
114, 2.057531279013496
114, 5.147465208084703
114, 2.587877784907039
114, 0.3227716939244059
114, 2.0047851302504043
114, 0.002655867111129086
114, 0.30262411173623777
114, 0.004031038992016367
114, 3.278670029161131
114, 3.219615687041077
114, 5.493850068800972
114, 0.270665009699124
114, 0.23425629280627477
114, 0.49168413970877933
114, 5.828503085774364
114, 0.31363745472960014
114, 2.889157647463163
114, 0.11836145829353761
114, 1.661562342873333
114, 4.514888331253588
114, 1.7729747497601198
114, 0.15648901227759485
114, 1.319189937439243
114, 1.0355643334252689
114, 0.7046414085662676
114, 3.290528018658125
114, 2.8213478408726216
114, 0.17481560087238182
114, 0.868631221419415
114, 0.2654872465422328
114, 16.21280538090861
114, 1.8626949253304261
114, 1.1356165526681177
114, 0.024691843485195746
114, 11.841999072842313
114, 1.6776481401508092
114, 13.016768664519573
114, 2.097438776203846
114, 0.02860586234853434
114, 4.891422591470471
114, 0.186792360621734
114, 8.905182987644082
114, 4.335909750184272
114, 0.23523906132769346
114, 0.01122263201538927
114, 4.900749638180504
114, 3.2804887287577875
114, 1.4846082429862772
114, 0.4922198478130837
114, 0.15107303457150428
114, 0.028735552300080906
114, 2.327537256964307
114, 14.573598243096317
114, 6.196789521055145
114, 0.37106934580538886
114, 5.796587500212738
114, 1.3733565676764325
114, 3.041951998930301
114, 0.0011239169084716236
114, 0.12086265705099199
114, 1.4102496622689558
114, 1.2567809280082674
114, 9.370725958846215
114, 0.41409265182202065
114, 1.222261107463372
114, 5.302428575786837
114, 1.5445190929303096
114, 3.9637534384446584
114, 2.3830484495475837
114, 4.929287919828609
114, 0.005375805635113475
114, 0.001768634411609665
114, 0.1761084160670917
114, 6.942966458022818
114, 1.4808519065350623
114, 0.5585834507719014
114, 1.1826117498681903
114, 0.25502441811687854
114, 23.070350287077602
114, 3.4181610383234564
114, 0.09930300492969948
114, 0.8345680620513981
114, 6.5458847482969125
114, 8.281379645023222
114, 5.116182158864686
114, 2.403170983291715
114, 0.025508497707541614
114, 0.18355875951258316
114, 0.6750797459631293
114, 0.09100445088263935
114, 2.7373924749589205
114, 1.0124923100377
114, 2.0395784388611564
114, 1.4722415918476857
114, 0.04784364097994023
114, 10.456549927547641
114, 2.4484045435560726
114, 0.14106666460690145
114, 14.057139928967594
114, 6.445566474090504
114, 3.445865810521501
114, 4.673209108635683
114, 6.239358909074126
114, 0.0828140657600536
114, 6.3089922246806225
114, 0.5635497124525013
114, 4.410839117010504
114, 5.510566463850784
114, 1.3669514187560472
114, 0.10166714098475435
114, 15.148597487753602
114, 2.4954477350474127
114, 1.1343323588029361
114, 1.6586098612403481
114, 5.44817217144599
114, 0.1850309488766115
114, 0.2105541901463945
114, 0.01356497336648073
114, 18.056969219545355
114, 3.7420390795344467
114, 0.23012080079876282
114, 9.365418803319108E-6
114, 2.7651844269783354
114, 9.11994573123108
114, 27.228764949019034
114, 5.468671642915716
114, 1.759043620511695
114, 2.397466884857875
114, 0.11359028597480404
114, 7.592232372823234E-5
114, 4.339094429287825
114, 0.5343693916945836
114, 0.16769323016187315
114, 8.30319002986144
114, 0.8751920845300445
114, 6.234346130464044
114, 2.9224054874194905
114, 4.128097551549642
114, 9.661556026873829
114, 0.8737009314054884
114, 0.29030642900463466
114, 0.16377448982335435
114, 1.2720324926173312
114, 0.3144564435775995
114, 0.5920745479810974
114, 0.027461703640367197
114, 2.8160775482359472
114, 12.77421968434063
114, 10.28778839036104
114, 7.265854675842503
114, 5.636993049884595
114, 0.5031841691412146
114, 5.506520009065944
114, 10.455671745151259
114, 1.0013080026465682
114, 4.882471869968182
114, 4.321120874073647
114, 4.417437994249259
114, 0.5159324444281258
114, 1.0307297138015517
114, 0.8664168374341852
114, 7.784209075500497
114, 0.01236132126814727
114, 3.4668225950957017
114, 0.8176812036893342
114, 2.943154345224195
114, 1.0950032299048673
114, 1.5203331072791602
114, 0.024209927299577043
114, 18.00241663095778
114, 11.719214094689507
114, 5.906432636030558
114, 7.088580698914878
114, 1.9016389712733361
114, 5.386379183067816
114, 5.785482810279754
114, 3.5440017914497726
114, 1.1776613277396828
114, 1.4589410706850807
114, 0.05958159024157319
114, 0.4572587508562872
114, 0.737361507936956
114, 7.331011946739724
114, 9.744353392819193
114, 0.7898387940299401
114, 1.1196505388914428
114, 8.913148177436499
114, 0.7943715218578442
114, 4.979869920361407
114, 1.4792734096126148
114, 13.650067860084931
114, 0.2423461587996981
114, 0.07656097889360361
114, 10.17308104620225
114, 2.324341170346393
114, 0.8067831999423708
114, 1.6649256587305394
114, 1.5408744731899446
114, 3.846832219187372
114, 1.9605171071855187
114, 1.0140768930867503
114, 7.133442612648385
114, 3.1130199291888565
114, 0.2310527333591622
114, 9.192724133461383
114, 1.707823251865506
114, 1.4509211528688926
114, 1.1999790058175082
114, 0.251077233613275
114, 1.8670607129997627
114, 14.85270305240842
114, 5.9047121091272725
114, 0.3983404930628741
114, 1.9351178046189117
114, 4.994289357996772
114, 0.3722701954301515
114, 12.24139182291429
114, 0.03193276118258391
114, 1.9145897501753668
114, 1.0150658634936993
114, 0.6663016101375175
114, 0.3730547639066989
114, 0.10070807673442751
114, 1.5234878539057082
114, 6.158704750372967
114, 4.134585312241761
114, 0.524410478887757
114, 7.083071391135022E-4
114, 1.1936954891370188
114, 0.26053058904099785
114, 20.315497608294315
114, 0.28882287005998275
114, 0.23858705259397664
114, 3.9698311969209015
114, 3.378645664638138
114, 0.04819637699919185
114, 3.0700538271143385
114, 6.725461062362221
114, 1.5522543642848103
114, 0.910280234689742
114, 0.03267897066910193
114, 0.5784751046682379
114, 7.655392248143526
114, 2.6298398351027155
114, 0.4097396102225179
114, 0.38291502573217
114, 2.2175537856105954
114, 0.9588630089694082
114, 2.625313271689826
114, 1.2667405767919193
114, 0.17614381301245502
114, 20.896207321254987
114, 5.677281869189469
114, 1.3949560557519156
114, 1.0010426226553433
114, 6.750217585781958
114, 5.419543436683805
114, 6.690500740912405
114, 0.21413665593856643
114, 0.004647669949661288
114, 7.190410760807591
114, 3.9423824737889435
114, 1.832472215040068
114, 0.8476014056243208
114, 3.2029743536787523
114, 2.3171759019213387
114, 4.550736225875619
114, 2.5262512689800687
114, 1.3808213846682584
114, 1.0846244510568097
114, 1.0759901271962478
114, 0.07507104418657987
114, 6.63509441106827
114, 19.143439360393113
114, 0.7924800988109552
114, 1.933984558694894
114, 4.022095386572942
114, 1.6019666317770367
114, 0.7584614376797915
114, 12.254004990147155
114, 3.5214492075564836
114, 1.0372291962667382
114, 0.25112177016313103
114, 0.029163530882310062
114, 15.408978933310724
114, 0.9816468295475753
114, 0.004551937875159019
114, 9.06403260693159
114, 0.1322112431068541
114, 1.5072691364561663
114, 2.1650509689045925
114, 0.18766830654333252
114, 0.3438762207996731
114, 2.1974067077936095
114, 0.1457969843117811
114, 0.5454622528142287
114, 5.276073904079664
114, 1.2011804691419725
114, 1.2596930083146367
114, 0.36382009074703325
114, 2.923965261102349
114, 0.06223177813893445
114, 3.736686755680139
114, 0.014192056481387714
114, 0.11714294802429902
114, 0.10749061593722085
114, 8.118053739087095
114, 0.1433390261857245
114, 5.948793948719153
114, 0.10320838602725693
114, 25.431628027652945
114, 9.047369203285736
114, 4.364786135480118
114, 0.06098347229633159
114, 0.6435321906867122
114, 0.031067018596583087
114, 0.5340425497772252
114, 1.0754060270632582
114, 2.3475608160606733
114, 11.809976314799673
114, 0.4364955350430243
114, 2.7210765035087974
114, 5.582789533136307
114, 9.556104424084637
114, 0.8312728005522455
114, 6.828738785981852
114, 2.196297987437606
114, 0.9845089251860988
114, 3.140049411295719
114, 1.0586763155713208
114, 1.1164200406108074
114, 0.3697202436220744
114, 0.021348274419963686
114, 5.369483262972738
114, 23.022679011676516
114, 1.8151004519876115
114, 0.22360482549818475
114, 15.237224340600864
114, 8.720900762801095
114, 5.071122436868622
114, 10.06765315025834
114, 5.777782227519007
114, 3.2511264141008476
114, 2.215409020345
114, 6.060820938717093
114, 1.4267141342418599
114, 2.224143089399609
114, 0.457800902121449
114, 1.631605228042508
114, 1.0918843529546214
114, 4.4799444181008917E-4
114, 0.4430767957833757
114, 0.11710842176089065
114, 12.319785988498484
114, 2.024899934726003
114, 0.8291190997256513
114, 2.2678201583652977
114, 2.830115741492128
114, 9.343708931942531
114, 0.24720226969851342
114, 12.700969247557625
114, 3.2797296440319585
114, 11.592813664008432
114, 0.0885069483945581
114, 8.167814350929877
114, 1.3810418628989831
114, 25.546771022371928
114, 1.6640186426693322
114, 5.950714087920606
114, 1.159054774741126
114, 8.565936759964924
114, 1.3279152328202655
114, 20.924082247712388
114, 9.430729576934947
114, 9.767862773042928
114, 8.830303833844763
114, 1.7737792485332624
114, 0.049004224877302376
114, 10.861228509320282
114, 5.168732239816619
114, 0.30157720271292315
114, 0.04218004875336895
114, 6.585445952935472E-4
114, 10.586156468497274
114, 0.007497282169312106
114, 0.8177658361020054
114, 0.11772314322738076
114, 5.101918001896163
114, 5.177085649811392
114, 2.8982167178205374
114, 0.5110955900168417
114, 1.1036588007275054
114, 0.09369031856102202
114, 0.501904759631471
114, 3.3807671578656833
114, 1.2795201378845982
114, 3.679991252598044
114, 1.7794789829346576
114, 0.0026141736589013
114, 0.19981638068958654
114, 0.7220002423349012
114, 0.8881892692532106
114, 4.4486846504971735
114, 0.4437934464725605
114, 4.753141281308638
114, 4.9264055051389635
114, 3.5618275900780585
114, 1.2315514884006247
114, 4.324023188689289
114, 0.058157061752286944
114, 4.930828031416038
114, 7.674877996041484
114, 7.131071253137413
114, 1.2851607823218836
114, 0.5745705401176794
114, 10.24505665233421
114, 0.018953742259816983
114, 7.865111125769984
114, 0.6674280085154801
114, 2.1817257699535832
114, 3.3473762327960452
114, 8.251902912400839
114, 11.502112380409068
114, 11.729831051511036
114, 2.454468861551854
114, 3.281485369043286
114, 1.4323183008225442
114, 2.714077803018768
114, 0.08196875294292297
114, 0.42115750256609535
114, 0.17035450215881343
114, 5.53559600781357
114, 1.3645744781148463
114, 0.3333865473831184
114, 3.5170364745420524
114, 0.19077659138468908
114, 1.2622287922557647
114, 1.0269739317216526
114, 0.22055241102476073
114, 2.0983697631978857
114, 0.3507743912195777
114, 2.283590887613427
114, 1.7736686640332884
114, 6.6888376860777194
114, 1.2383249219017638
114, 4.68903955559728
114, 6.921009727363699
114, 0.07193602604598415
114, 0.00684322191656686
114, 1.016398700601333
114, 0.020366641227955694
114, 7.445676031975208
114, 0.7366229137217695
114, 0.005819212558183808
114, 3.3121396707540933
114, 6.474250424067524
114, 0.8596241729770875
114, 0.060676210539493215
114, 2.33210232146405
114, 0.9140153951624305
114, 0.38664979300977054
114, 0.001290932395779914
114, 13.612030769710874
114, 4.013132472407843
114, 17.113231468842464
114, 1.202105836363288
114, 2.625929273601228
114, 0.001719264243857389
114, 1.6307542512124136
114, 5.405534306702004
114, 0.006378034843062364
114, 10.578592745373737
114, 16.926409031786957
114, 12.022248283930704
114, 2.9364937172176684
114, 1.5263513815156773
114, 0.20992724923759667
114, 0.18158080150344977
114, 2.15019868354875
114, 0.9708452306274283
114, 0.0026448397484827883
114, 0.20516635506053824
114, 2.0815454084548732
114, 10.842256734012157
114, 1.364422297313278
114, 0.29919698651522775
114, 1.0275544502817007
114, 2.391868328451745
114, 0.04680557796980079
114, 12.101691024262646
114, 2.0359801763943755
114, 4.595339707761966
114, 0.22705503810186525
114, 0.7292030664802567
114, 3.8842421649412473
114, 0.0069950207790379654
114, 2.7576681340839952
114, 0.6181161754077011
114, 0.47971138857393775
114, 5.567360704581564
114, 11.930354181533977
114, 8.277015880227902
114, 9.157791545968822
114, 3.422650758875847
114, 1.6862953423607865
114, 0.9913120273393762
114, 6.737604116581303
114, 7.7733316918890125
114, 0.8155871886493313
114, 3.226239923584229
114, 2.194513175200399
114, 3.8988087578498027
114, 1.5955726553877376
114, 7.1726412788056075
114, 2.9885539408087465
114, 5.895374256820401E-4
114, 7.069340970257082E-4
114, 1.157138436325509
114, 0.6987524282645521
114, 2.794573406534235
114, 0.09189902290191825
114, 1.5022263528743853
114, 0.0031000628022025004
114, 0.22037026948751023
114, 0.007498525246157929
114, 3.6646682238088237
114, 0.20613108457249787
114, 0.3792462355112088
114, 2.139575266408896
114, 1.1807442794733871
114, 2.1669407573987565
114, 1.6397968051459482
114, 0.004738414211951008
114, 0.20161979505076782
114, 7.543358796326281
114, 4.796286373938197
114, 12.232101977423977
114, 3.308375751513856
114, 4.064771680351103
114, 0.5523197634194107
114, 16.415254197424176
114, 0.2789560594287328
114, 2.734430047780114
114, 6.880061093913898
114, 2.9904076643454545
114, 0.0720184365100909
114, 0.2947531180826366
114, 3.2576900260994206
114, 12.731116927147966
114, 20.22205490547515
114, 0.5428644524265003
114, 0.06400795558945557
114, 9.117450045665557
114, 0.5764920435778295
114, 0.7086189338038078
114, 0.8298310441491327
114, 1.2231797316517652
114, 0.00616558234407305
114, 4.1439767202816045
114, 0.6119425524965907
114, 2.6241643289402226
114, 0.10707596121772514
114, 3.6310357485272546
114, 0.6680400030957971
114, 1.7484837701349123
114, 3.1228256845109073
114, 6.149572611552618
114, 6.395766595908221
114, 0.7295499806308396
114, 8.693321833677972
114, 9.831860056811228
114, 0.5055832459898084
114, 0.35041262193390554
114, 4.2822790412324405
114, 18.40569625513621
114, 1.187113062466195
114, 8.59287452945901
114, 3.1881355194112158
114, 2.02304763356526
114, 0.7279606713914566
114, 12.56895561208971
114, 0.006685314116335959
114, 0.17348109499169873
114, 0.6646949225572523
114, 0.0630094227419328
114, 5.73845985980852
114, 0.5822898286818506
114, 9.41830147392574
114, 7.700659127456844
114, 0.03960608942248055
114, 0.12492470484692789
114, 11.289698501341467
114, 0.23746368694612882
114, 1.710506819386664E-4
114, 0.21421640880423246
114, 0.507997897729023
114, 0.20038967257687015
114, 0.3427225444984049
114, 4.052700057121196
114, 9.120234056717928
114, 1.9132608003599916
114, 1.955572963590363
114, 1.0106161249040149
114, 0.34232353583785063
114, 0.4788303033208446
114, 0.1208577569701772
114, 4.66856482407363
114, 8.578470066206602
114, 3.6473887682002184
114, 10.435492889394816
114, 4.040018725817394
114, 0.7324260406799866
114, 0.2858963181881112
114, 0.3397197836564707
114, 3.678079655487144
114, 0.8046688312268628
114, 0.045717661727222116
114, 1.1706508480448534
114, 2.962635054326533
114, 1.211502432470286
114, 0.4970937654421597
114, 15.258321243860776
114, 1.5711207135978846
114, 0.19620191671467083
114, 4.634626024390589
114, 9.392329552522577
114, 7.8473213721974675
114, 1.4190179921803852
114, 5.074576461985866
114, 11.327385649488297
114, 1.9434478162831497
114, 1.5841231609050952
114, 7.766004142576212E-4
114, 0.010339042423740775
114, 1.9294531089451004
114, 13.540157115626776
114, 2.2848790321626167
114, 1.0178673662434167E-4
114, 15.045961309791315
114, 0.17330482638921005
114, 13.666134098614862
114, 4.639363798071492
