102, 122, 212.3024
102, 122, 133.6565
102, 122, 58.8503
102, 122, 65.3020
102, 122, 141.0238
102, 122, 151.8201
102, 122, 82.7452
102, 122, 51.1669
102, 122, 145.0688
114, 122, 161.9629
114, 122, 162.9081
114, 122, 156.7187
114, 122, 157.2113
114, 122, 158.4640
114, 122, 79.0000
114, 122, 164.9993
114, 122, 127.4048
114, 122, 152.4410
114, 122, 160.8240
114, 122, 167.4790
114, 122, 155.4735
114, 122, 160.9969
114, 122, 76.7138
114, 122, 76.0000
114, 122, 76.0000
114, 122, 157.4605
123, 103, 160.0037
123, 103, 203.9625
123, 103, 224.9453
123, 103, 239.0008
123, 103, 140.7546
123, 103, 197.2225
123, 103, 131.2460
123, 103, 228.7571
123, 103, 130.3240
123, 103, 171.1943
114, 113, 31.0000
114, 113, 28.0000
114, 113, 166.5752
114, 113, 169.5001
114, 113, 167.2402
114, 113, 164.2941
114, 113, 165.6028
114, 113, 145.0673
114, 113, 142.6120
114, 113, 50.2616
114, 113, 175.1133
114, 113, 87.8589
114, 113, 71.5908
114, 113, 175.4811
114, 113, 170.3726
114, 113, 174.6861
114, 113, 178.4677
114, 113, 164.7757
114, 113, 126.9616
114, 113, 160.3744
114, 113, 81.4925
114, 113, 57.1682
114, 113, 136.6238
114, 113, 81.9858
114, 113, 58.1702
114, 113, 130.7617
114, 113, 122.2357
114, 113, 29.0000
114, 113, 35.0000
114, 113, 31.0000
114, 113, 33.0000
114, 113, 164.5830
114, 113, 139.4395
114, 113, 69.1570
114, 113, 103.4955
114, 113, 100.3522
114, 113, 119.8907
114, 113, 79.0593
114, 113, 136.8769
114, 113, 30.6955
114, 113, 47.6403
114, 113, 128.1208
114, 113, 104.6455
114, 113, 108.0505
114, 113, 63.2302
114, 113, 32.6446
114, 113, 62.8931
114, 113, 40.3938
114, 113, 125.9334
114, 113, 33.0000
114, 113, 134.5126
114, 113, 57.9602
114, 113, 106.3030
114, 113, 90.2306
114, 113, 157.5739
114, 113, 163.9814
114, 113, 75.5275
114, 113, 56.1460
114, 113, 159.2209
114, 113, 93.1645
114, 113, 113.2297
114, 113, 154.6267
114, 113, 159.0705
114, 113, 165.9622
114, 113, 166.7267
114, 113, 164.8256
114, 113, 89.7726
114, 113, 91.7536
114, 113, 96.4403
114, 113, 72.0443
114, 113, 113.0042
114, 113, 84.6595
114, 113, 33.3695
114, 113, 159.8689
114, 113, 88.3576
114, 113, 44.8612
114, 113, 34.4018
114, 113, 120.9151
114, 113, 60.3024
114, 113, 101.1792
114, 113, 136.2653
114, 113, 109.0494
114, 113, 32.9596
114, 113, 110.0853
114, 113, 96.9506
114, 113, 57.5054
114, 113, 66.0829
114, 113, 92.6259
114, 113, 40.3824
114, 113, 92.2337
114, 113, 102.0986
114, 113, 107.2816
114, 113, 177.2552
114, 113, 41.1177
114, 113, 127.4935
114, 113, 81.7776
114, 113, 101.0250
114, 113, 72.2188
114, 113, 42.0260
114, 113, 91.5054
114, 113, 95.6495
114, 113, 109.7044
114, 113, 89.8888
114, 113, 157.0991
114, 113, 91.0535
114, 113, 127.5465
114, 113, 90.9349
114, 113, 157.6198
114, 113, 65.4225
114, 113, 109.4366
114, 113, 33.0000
114, 113, 34.0000
114, 113, 57.6962
114, 113, 47.6943
114, 113, 52.2570
114, 113, 69.1620
114, 113, 59.5027
114, 113, 91.8087
114, 113, 77.8159
114, 113, 98.3895
114, 113, 132.8896
114, 113, 155.7324
114, 113, 77.9721
114, 113, 175.3129
114, 113, 112.6883
114, 113, 129.4396
114, 113, 31.0000
114, 113, 158.0280
114, 113, 67.6933
114, 113, 161.5148
114, 113, 147.0929
114, 113, 164.7469
114, 113, 43.9191
114, 113, 156.9756
114, 113, 152.4322
114, 113, 64.2102
114, 113, 42.7887
114, 113, 178.5336
114, 113, 149.4852
114, 113, 157.3972
114, 113, 130.6204
114, 113, 108.9375
114, 113, 33.7344
114, 113, 27.0000
114, 113, 30.0000
114, 113, 174.3175
114, 113, 173.1281
114, 113, 43.4871
114, 113, 61.7574
114, 113, 136.0974
114, 113, 44.0297
114, 113, 66.9575
114, 113, 128.5794
114, 113, 119.9673
114, 113, 167.1202
114, 113, 154.6078
114, 113, 49.0357
114, 113, 177.2264
114, 113, 150.2208
114, 113, 130.4862
114, 113, 64.0901
114, 113, 53.8980
114, 113, 112.6340
114, 113, 79.1951
114, 113, 146.0883
114, 113, 72.0742
114, 113, 66.5704
114, 113, 70.2918
114, 113, 122.4886
114, 113, 87.6797
114, 113, 107.9920
114, 113, 167.6294
114, 113, 43.3948
114, 113, 122.1994
114, 113, 150.5969
114, 113, 91.2223
114, 113, 153.7908
114, 113, 32.0000
114, 113, 171.7241
114, 113, 69.9760
114, 113, 105.3848
114, 113, 120.7168
114, 113, 109.0439
114, 113, 71.7895
114, 113, 39.9906
114, 113, 121.7824
114, 113, 42.6532
114, 113, 41.8347
114, 113, 65.5301
114, 113, 118.0123
114, 113, 153.7602
114, 113, 142.6436
114, 113, 176.9975
114, 113, 168.3650
114, 113, 104.3647
114, 113, 35.0950
114, 113, 113.6883
114, 113, 165.2487
114, 113, 109.6655
114, 113, 100.7636
114, 113, 168.5692
114, 113, 169.5504
114, 113, 122.6333
114, 113, 84.8885
114, 113, 161.8980
114, 113, 109.3418
114, 113, 68.6174
114, 113, 57.6336
114, 113, 119.6545
114, 113, 173.6391
114, 113, 173.8781
114, 113, 102.7348
114, 113, 99.1234
114, 113, 121.0623
114, 113, 38.7942
114, 113, 121.0594
114, 113, 104.6508
114, 113, 34.6089
114, 113, 57.7440
114, 113, 89.8854
114, 113, 144.8048
114, 113, 63.6614
114, 113, 132.2459
114, 113, 150.6636
114, 113, 94.9896
114, 113, 138.8917
114, 113, 124.0748
114, 113, 77.2603
114, 113, 53.0200
114, 113, 115.6338
114, 113, 107.2554
114, 113, 53.6821
114, 113, 46.6598
114, 113, 164.7843
114, 113, 131.2977
114, 113, 31.0000
114, 113, 117.9588
114, 113, 41.9331
114, 113, 127.6059
114, 113, 37.5054
114, 113, 164.4842
114, 113, 126.1908
114, 113, 37.2543
114, 113, 142.8873
114, 113, 55.4138
114, 113, 51.2964
114, 113, 166.4842
114, 113, 68.6802
114, 113, 168.5968
114, 113, 178.2408
114, 113, 37.4466
114, 113, 64.0012
114, 113, 132.5873
114, 113, 177.3830
114, 113, 134.0362
114, 113, 38.0587
114, 113, 135.4491
114, 113, 175.7785
114, 113, 175.0567
114, 113, 69.1998
114, 113, 40.9573
114, 113, 138.8839
114, 113, 138.8173
114, 113, 106.4978
114, 113, 158.5862
114, 113, 115.5954
114, 113, 46.1142
114, 113, 162.1225
114, 113, 109.4448
114, 113, 164.2528
114, 113, 120.2736
114, 113, 39.6564
114, 113, 170.3093
114, 113, 127.8282
114, 113, 122.1288
114, 113, 159.2900
114, 113, 43.3495
114, 113, 71.6535
114, 113, 161.1805
114, 113, 36.3966
114, 113, 35.6259
114, 113, 33.0000
114, 113, 169.5620
114, 113, 49.4642
114, 113, 125.7571
114, 113, 147.2541
114, 113, 31.6139
114, 113, 43.7025
114, 113, 143.5260
114, 113, 111.4776
114, 113, 148.1257
114, 113, 124.2969
114, 113, 57.8194
114, 113, 51.5509
114, 113, 56.6537
114, 113, 52.0732
114, 113, 61.6867
114, 113, 93.3966
114, 113, 127.5274
114, 113, 33.0000
114, 113, 173.3085
114, 113, 96.6773
114, 113, 74.9545
114, 113, 121.0191
114, 113, 165.7015
114, 113, 72.7492
114, 113, 99.7159
114, 113, 77.0549
114, 113, 123.3359
114, 113, 138.9923
114, 113, 73.0279
114, 113, 161.4897
114, 113, 122.4025
114, 113, 116.2978
114, 113, 168.7018
114, 113, 32.0000
114, 113, 30.0000
114, 113, 171.2709
114, 113, 171.5756
114, 113, 167.6980
114, 113, 166.8822
114, 113, 128.2832
114, 113, 45.7360
114, 113, 141.5430
114, 113, 146.6276
114, 113, 101.7762
114, 113, 72.1463
114, 113, 156.3471
114, 113, 68.8292
114, 113, 30.0000
114, 113, 32.0000
114, 113, 167.5286
114, 113, 169.7436
114, 113, 100.5553
114, 113, 34.4073
114, 113, 163.5777
114, 113, 131.5031
114, 113, 85.9204
114, 113, 36.7884
114, 113, 36.8904
114, 113, 149.8623
114, 113, 66.5816
114, 113, 153.3508
114, 113, 173.1168
114, 113, 150.8987
114, 113, 176.4235
114, 113, 176.1529
114, 113, 43.2071
114, 113, 134.5722
114, 113, 39.8353
114, 113, 98.3576
114, 113, 61.8588
114, 113, 170.7957
114, 113, 71.0514
114, 113, 142.9460
114, 113, 65.6886
114, 113, 122.8304
114, 113, 38.9687
114, 113, 72.7525
114, 113, 72.0874
114, 113, 166.2906
114, 113, 145.0746
114, 113, 109.7442
114, 113, 88.8978
114, 113, 46.8344
114, 113, 107.3826
114, 113, 108.0850
114, 113, 171.2594
114, 113, 170.4524
114, 113, 171.3176
114, 113, 69.1716
114, 113, 166.9839
114, 113, 124.0098
114, 113, 171.5471
114, 113, 29.0000
114, 113, 167.4140
114, 113, 43.5122
114, 113, 111.0151
114, 113, 28.0000
114, 113, 176.0311
114, 113, 176.0283
114, 113, 177.2891
114, 113, 149.3881
114, 113, 38.7655
114, 113, 149.8358
114, 113, 51.2123
114, 113, 99.4676
114, 113, 60.8619
114, 113, 136.0632
114, 113, 110.1549
114, 113, 92.3167
114, 113, 90.3960
114, 113, 55.6260
114, 113, 61.3866
114, 113, 139.6444
114, 113, 134.5678
114, 113, 167.9368
114, 113, 78.1576
114, 113, 91.5230
114, 113, 112.5174
114, 113, 99.9326
114, 113, 58.3757
114, 113, 150.8429
114, 113, 151.2524
114, 113, 42.1942
114, 113, 49.1775
114, 113, 34.4978
114, 113, 65.0993
114, 113, 51.6036
114, 113, 124.2774
114, 113, 164.5332
114, 113, 59.2737
114, 113, 40.4918
114, 113, 141.7033
114, 113, 31.0000
114, 113, 123.3611
114, 113, 55.8112
114, 113, 80.9644
114, 113, 87.7119
114, 113, 167.3769
114, 113, 85.8564
114, 113, 102.6559
114, 113, 108.7840
114, 113, 36.3770
114, 113, 118.3829
114, 113, 47.9356
114, 113, 39.0654
114, 113, 32.0000
114, 113, 168.2227
114, 113, 152.8909
114, 113, 45.7262
114, 113, 132.5473
114, 113, 31.8014
114, 113, 155.7671
114, 113, 125.3817
114, 113, 64.1048
114, 113, 34.4388
114, 113, 46.6441
114, 113, 62.3262
114, 113, 87.0208
114, 113, 134.0834
114, 113, 173.5941
114, 113, 141.9223
114, 113, 81.4849
114, 113, 86.4236
114, 113, 75.6900
114, 113, 57.6779
114, 113, 63.2227
114, 113, 155.3178
114, 113, 164.2013
114, 113, 117.4018
114, 113, 67.5315
114, 113, 109.2813
114, 113, 66.7616
114, 113, 98.6636
114, 113, 172.0759
114, 113, 88.6510
114, 113, 48.0355
114, 113, 100.6325
114, 113, 174.5439
114, 113, 64.8510
114, 113, 137.8444
114, 113, 90.1738
114, 113, 145.6033
114, 113, 109.9062
114, 113, 63.0151
114, 113, 47.2705
114, 113, 138.3512
114, 113, 62.9713
114, 113, 134.4911
114, 113, 170.7728
114, 113, 149.4343
114, 113, 54.0553
114, 113, 118.2710
114, 113, 76.5202
114, 113, 176.2288
114, 113, 172.9896
114, 113, 171.1739
114, 113, 92.2510
114, 113, 137.5191
114, 113, 171.6442
114, 113, 173.5429
114, 113, 92.3296
114, 113, 31.0000
114, 113, 171.7201
114, 113, 106.3904
114, 113, 38.7779
114, 113, 46.1945
114, 113, 29.4997
114, 113, 176.6444
114, 113, 146.2782
114, 113, 34.9611
114, 113, 74.5372
114, 113, 57.9645
114, 113, 177.5433
114, 113, 104.3811
114, 113, 50.2690
114, 113, 87.7435
114, 113, 119.1733
114, 113, 35.6237
114, 113, 61.5132
114, 113, 174.2544
114, 113, 167.2422
114, 113, 165.1800
114, 113, 172.1292
114, 113, 166.7332
114, 113, 34.0451
114, 113, 157.3642
114, 113, 93.6503
114, 113, 65.3072
114, 113, 145.6357
114, 113, 54.5486
114, 113, 118.0339
114, 113, 31.8019
114, 113, 61.1743
114, 113, 174.1422
114, 113, 80.7400
114, 113, 97.9871
114, 113, 49.3294
114, 113, 63.8430
114, 113, 57.2115
115, 112, 89.3758
115, 112, 166.7194
115, 112, 80.0638
115, 112, 177.5426
115, 112, 142.3514
115, 112, 136.0968
115, 112, 178.0671
115, 112, 172.7325
115, 112, 157.8119
115, 112, 95.2254
115, 112, 154.0953
115, 112, 136.1766
115, 112, 186.1270
115, 112, 64.0261
115, 112, 64.1888
115, 112, 189.9821
115, 112, 126.9849
115, 112, 101.0997
115, 112, 51.5064
115, 112, 198.4840
115, 112, 149.3083
115, 112, 74.2433
115, 112, 75.8979
115, 112, 83.3349
115, 112, 177.1029
115, 112, 106.9364
115, 112, 203.9538
115, 112, 112.2645
115, 112, 78.3795
115, 112, 126.6115
115, 112, 71.4461
115, 112, 106.8817
115, 112, 194.5076
115, 112, 160.4467
115, 112, 179.0534
115, 112, 215.5280
115, 112, 205.8905
115, 112, 70.5088
115, 112, 105.4551
115, 112, 103.2054
115, 112, 140.1723
115, 112, 151.2544
115, 112, 111.8430
115, 112, 216.6533
115, 112, 97.4662
115, 112, 115.0484
115, 112, 120.0738
115, 112, 176.7023
115, 112, 133.2237
115, 112, 114.6829
115, 112, 183.3787
115, 112, 129.4265
115, 112, 82.7476
115, 112, 202.0879
115, 112, 155.8520
115, 112, 141.8257
115, 112, 180.4178
115, 112, 212.2314
115, 112, 199.2467
121, 103, 110.6166
121, 103, 171.9350
121, 103, 117.8251
121, 103, 177.8691
121, 103, 168.1764
121, 103, 149.1182
121, 103, 60.5101
121, 103, 97.2320
121, 103, 180.1495
121, 103, 145.7055
123, 122, 192.1833
123, 122, 228.2110
123, 122, 208.5728
123, 122, 208.9805
123, 122, 254.6294
123, 122, 176.6415
123, 122, 227.3921
123, 122, 336.8606
123, 122, 275.2566
123, 122, 322.3657
123, 122, 205.5727
121, 122, 234.5950
121, 122, 222.3615
121, 122, 115.7137
121, 122, 119.1329
121, 122, 248.1799
121, 122, 196.8670
121, 122, 127.3782
121, 122, 234.9698
121, 122, 255.4778
114, 112, 53.5746
114, 112, 74.0019
114, 112, 75.6806
114, 112, 166.5928
114, 112, 69.5596
114, 112, 95.6799
114, 112, 48.0000
114, 112, 185.1764
114, 112, 54.1251
114, 112, 164.5768
114, 112, 90.1605
114, 112, 112.8044
114, 112, 179.5011
114, 112, 195.7670
114, 112, 50.0000
114, 112, 195.8114
114, 112, 142.7041
114, 112, 170.8317
114, 112, 61.3905
114, 112, 123.1554
114, 112, 50.0000
114, 112, 48.9613
114, 112, 193.9107
114, 112, 150.9015
114, 112, 81.0160
114, 112, 173.3759
114, 112, 50.0000
114, 112, 189.9260
114, 112, 132.5495
114, 112, 98.2494
114, 112, 50.0000
114, 112, 149.0289
114, 112, 186.8202
114, 112, 168.2422
114, 112, 188.0677
114, 112, 72.0597
114, 112, 48.0000
114, 112, 56.9593
114, 112, 167.0359
114, 112, 161.8277
114, 112, 174.2887
114, 112, 176.5999
114, 112, 173.1282
114, 112, 71.9841
114, 112, 50.0000
114, 112, 138.6655
114, 112, 194.0805
114, 112, 136.1019
114, 112, 115.8468
114, 112, 61.3201
114, 112, 97.0641
114, 112, 52.5689
114, 112, 74.9308
114, 112, 197.6804
114, 112, 121.9915
114, 112, 79.2280
114, 112, 143.0407
114, 112, 149.7005
114, 112, 48.0000
114, 112, 50.0000
114, 112, 104.5729
114, 112, 148.4944
114, 112, 50.0000
114, 112, 51.2516
114, 112, 89.7410
114, 112, 146.7182
114, 112, 160.2330
114, 112, 142.1765
114, 112, 59.5092
114, 112, 112.0236
114, 112, 103.9616
114, 112, 110.1315
114, 112, 164.0498
114, 112, 166.6666
114, 112, 86.7411
114, 112, 124.1162
114, 112, 112.8718
114, 112, 179.1525
114, 112, 110.6115
114, 112, 160.0690
114, 112, 89.2272
114, 112, 50.0000
114, 112, 155.7303
114, 112, 190.0423
114, 112, 180.7055
114, 112, 167.4614
114, 112, 157.9838
114, 112, 60.5009
114, 112, 141.1848
114, 112, 165.0843
114, 112, 193.2016
114, 112, 114.4883
114, 112, 165.2121
114, 112, 190.2917
114, 112, 178.9707
114, 112, 182.3974
114, 112, 191.6222
114, 112, 50.0000
114, 112, 137.1157
114, 112, 106.9699
114, 112, 140.5839
114, 112, 165.2951
114, 112, 138.6928
114, 112, 71.8285
114, 112, 142.9381
114, 112, 174.2907
114, 112, 114.2385
114, 112, 63.6820
114, 112, 50.0000
114, 112, 70.0948
114, 112, 176.6032
114, 112, 123.7352
114, 112, 57.0294
114, 112, 97.2191
114, 112, 177.4687
114, 112, 51.0865
114, 112, 161.4561
114, 112, 93.0541
114, 112, 139.2812
114, 112, 103.1827
114, 112, 112.9830
114, 112, 176.9657
114, 112, 121.2529
114, 112, 84.9413
114, 112, 67.7302
114, 112, 163.4986
114, 112, 78.1932
114, 112, 179.1611
114, 112, 68.6689
114, 112, 126.4186
114, 112, 138.0289
114, 112, 47.0000
114, 112, 48.0000
114, 112, 89.4625
114, 112, 98.6131
114, 112, 50.0000
114, 112, 92.8627
114, 112, 124.1199
114, 112, 161.0038
114, 112, 129.0273
114, 112, 72.6078
114, 112, 66.3322
114, 112, 116.2555
114, 112, 158.6397
114, 112, 51.2039
114, 112, 122.5436
114, 112, 144.0006
114, 112, 120.9677
114, 112, 129.9324
114, 112, 48.8980
114, 112, 122.9982
114, 112, 73.2384
114, 112, 144.2372
114, 112, 169.3939
114, 112, 116.4871
114, 112, 106.7939
114, 112, 157.4927
114, 112, 47.0000
114, 112, 50.0000
114, 112, 97.4066
114, 112, 85.6823
114, 112, 157.9097
114, 112, 174.2284
114, 112, 176.4685
114, 112, 147.8500
114, 112, 192.7703
114, 112, 59.5132
111, 101, 49.7875
111, 101, 62.8260
111, 101, 87.1762
111, 101, 137.8830
111, 101, 49.2003
111, 101, 85.5136
111, 101, 48.0000
101, 102, 32.0000
101, 102, 27.0000
101, 102, 27.0000
101, 102, 32.0000
101, 102, 30.0000
101, 102, 28.0000
101, 102, 30.0000
101, 102, 31.0000
101, 102, 30.0000
101, 102, 32.0000
101, 102, 31.0000
101, 102, 30.0000
101, 102, 32.0000
101, 102, 27.0000
101, 102, 28.0000
101, 102, 30.0000
101, 102, 33.0000
101, 102, 30.0000
101, 102, 28.0000
101, 102, 30.0000
101, 102, 34.0000
101, 102, 28.0000
101, 102, 34.0000
101, 102, 31.0000
101, 102, 31.0000
101, 102, 30.0000
101, 102, 32.0000
101, 102, 30.0000
101, 102, 32.0000
101, 102, 32.0000
101, 102, 30.0000
101, 102, 27.0000
101, 102, 30.0000
101, 102, 27.0000
101, 102, 29.0000
101, 102, 30.0000
101, 102, 27.0000
101, 102, 27.0000
101, 102, 31.0000
101, 102, 35.0000
101, 102, 27.0000
101, 102, 31.0000
101, 102, 27.0000
101, 102, 29.0000
101, 102, 27.0000
101, 102, 27.0000
101, 102, 27.0000
101, 102, 28.0000
101, 102, 29.0000
101, 102, 27.0000
101, 102, 29.0000
101, 102, 31.0000
101, 102, 33.0000
101, 102, 27.0000
101, 102, 27.0000
101, 102, 35.0000
101, 102, 34.0000
101, 102, 31.0000
101, 102, 28.0000
101, 102, 29.0000
101, 102, 27.0000
101, 102, 31.0000
101, 102, 33.0000
101, 102, 29.0000
101, 102, 27.0000
101, 102, 30.0000
101, 102, 31.0000
101, 102, 31.0000
101, 102, 31.0000
101, 102, 31.0000
101, 102, 31.0000
101, 102, 29.0000
101, 102, 28.0000
101, 102, 29.0000
101, 102, 31.0000
101, 102, 30.0000
101, 102, 30.0000
101, 102, 30.0000
101, 102, 31.0000
101, 102, 34.0000
101, 102, 27.0000
101, 102, 31.0000
101, 102, 33.0000
114, 111, 149.9922
114, 111, 188.6333
114, 111, 100.7295
114, 111, 141.4765
114, 111, 145.7652
114, 111, 145.0934
114, 111, 160.3606
114, 111, 136.9351
114, 111, 63.2192
114, 111, 71.1286
114, 111, 97.6787
114, 111, 181.0740
114, 111, 173.3052
114, 111, 118.4465
114, 111, 160.0444
114, 111, 200.0376
114, 111, 180.7499
114, 111, 125.2726
114, 111, 210.8681
114, 111, 65.0000
114, 111, 178.1042
114, 111, 65.0000
114, 111, 65.0000
114, 111, 89.9864
114, 111, 167.8919
114, 111, 92.9532
114, 111, 136.6585
114, 111, 67.0000
114, 111, 207.2457
114, 111, 62.0000
114, 111, 125.1412
101, 122, 169.4882
101, 122, 102.6582
101, 122, 181.1595
101, 122, 53.0113
101, 122, 94.2714
101, 122, 127.0125
101, 122, 107.8004
101, 122, 177.4310
101, 122, 70.7096
101, 122, 78.5483
101, 122, 154.1528
101, 122, 90.2043
101, 122, 178.3402
101, 122, 49.0000
101, 122, 138.3765
101, 122, 137.3844
101, 122, 131.3790
101, 122, 48.3190
101, 122, 110.5836
101, 122, 182.3121
101, 122, 51.6041
101, 122, 161.4266
101, 122, 80.8703
101, 122, 143.1777
101, 122, 96.9711
101, 122, 93.4728
101, 122, 59.7306
121, 114, 90.3407
121, 114, 149.9986
121, 114, 195.6469
121, 114, 84.4259
121, 114, 171.0139
121, 114, 90.6823
121, 114, 175.7241
121, 114, 185.3531
121, 114, 173.8961
121, 114, 57.9378
121, 114, 55.0021
121, 114, 47.0000
121, 114, 149.5150
121, 114, 126.7954
121, 114, 113.7772
121, 114, 116.6303
121, 114, 96.9758
121, 114, 47.0000
121, 114, 192.2238
102, 121, 122.1065
102, 121, 181.8288
102, 121, 121.8672
102, 121, 170.1330
102, 121, 162.2834
102, 121, 104.3498
114, 121, 130.5666
114, 121, 142.1362
114, 121, 116.0590
114, 121, 61.0000
114, 121, 64.0000
114, 121, 62.0000
114, 121, 147.4135
114, 121, 90.6026
114, 121, 135.3724
114, 121, 114.6122
114, 121, 61.0000
114, 121, 70.1654
114, 121, 64.7743
114, 121, 69.2796
114, 121, 70.2606
114, 121, 61.0000
122, 115, 203.7155
122, 115, 266.5869
122, 115, 270.1024
122, 115, 304.5164
122, 115, 217.9620
123, 113, 132.8705
123, 113, 250.0432
123, 113, 132.0993
123, 113, 184.2779
123, 113, 252.3600
123, 113, 266.2880
123, 113, 142.5136
123, 101, 17.0000
123, 101, 20.0000
123, 101, 17.0000
123, 101, 16.0000
123, 101, 16.0000
123, 101, 19.0000
123, 101, 16.0000
123, 101, 16.0000
123, 101, 16.0000
123, 101, 20.0000
123, 101, 17.0000
123, 101, 20.0000
123, 101, 19.0000
123, 101, 19.0000
123, 101, 19.0000
123, 101, 16.0000
123, 101, 18.0000
123, 101, 20.0000
123, 101, 16.0000
123, 101, 20.0000
123, 101, 16.0000
123, 101, 18.0000
123, 101, 18.0000
123, 101, 18.0000
123, 101, 17.0000
123, 101, 16.0000
123, 101, 19.0000
123, 101, 16.0000
123, 101, 19.0000
123, 101, 18.0000
123, 101, 18.0000
123, 101, 17.0000
123, 101, 16.0000
123, 101, 16.0000
123, 101, 16.0000
123, 101, 16.0000
123, 101, 20.0000
123, 101, 17.0000
123, 101, 16.0000
123, 101, 18.0000
123, 101, 20.0000
123, 101, 17.0000
123, 101, 20.0000
123, 101, 19.0000
123, 101, 17.0000
123, 101, 20.0000
123, 101, 19.0000
123, 101, 16.0000
123, 101, 16.0000
123, 101, 16.0000
123, 101, 16.0000
123, 101, 19.0000
123, 101, 20.0000
123, 101, 17.0000
123, 101, 19.0000
123, 101, 20.0000
123, 101, 16.0000
123, 101, 16.0000
123, 101, 17.0000
123, 101, 16.0000
123, 101, 18.0000
123, 101, 19.0000
123, 101, 19.0000
123, 101, 20.0000
123, 101, 18.0000
123, 101, 16.0000
123, 101, 19.0000
123, 101, 20.0000
123, 101, 19.0000
123, 101, 20.0000
123, 101, 16.0000
123, 101, 16.0000
123, 101, 16.0000
123, 101, 17.0000
123, 101, 16.0000
123, 101, 17.0000
123, 101, 17.0000
123, 101, 18.0000
123, 101, 20.0000
123, 101, 17.0000
123, 101, 18.0000
123, 101, 20.0000
123, 101, 16.0000
123, 101, 18.0000
123, 101, 16.0000
123, 101, 17.0000
123, 101, 20.0000
123, 101, 16.0000
123, 101, 20.0000
123, 101, 16.0000
123, 101, 17.0000
123, 101, 18.0000
123, 101, 19.0000
123, 101, 16.0000
123, 101, 16.0000
123, 101, 16.0000
123, 101, 16.0000
123, 101, 16.0000
123, 101, 18.0000
123, 101, 19.0000
123, 101, 18.0000
123, 101, 17.0000
123, 101, 18.0000
123, 101, 16.0000
123, 101, 16.0000
123, 101, 18.0000
123, 101, 19.0000
123, 101, 17.0000
123, 101, 17.0000
123, 101, 17.0000
123, 101, 20.0000
123, 101, 16.0000
123, 101, 17.0000
123, 101, 16.0000
123, 101, 16.0000
123, 101, 16.0000
123, 101, 16.0000
123, 101, 16.0000
123, 101, 16.0000
123, 101, 16.0000
123, 101, 16.0000
123, 101, 17.0000
123, 101, 19.0000
123, 101, 20.0000
123, 101, 20.0000
123, 101, 16.0000
123, 101, 20.0000
123, 101, 19.0000
123, 101, 16.0000
123, 101, 16.0000
123, 101, 16.0000
123, 101, 20.0000
123, 101, 18.0000
123, 101, 16.0000
123, 101, 16.0000
123, 101, 19.0000
123, 101, 16.0000
123, 101, 16.0000
123, 101, 16.0000
123, 101, 16.0000
123, 101, 16.0000
123, 101, 16.0000
123, 101, 16.0000
123, 101, 16.0000
123, 101, 16.0000
123, 101, 16.0000
123, 101, 17.0000
123, 101, 16.0000
123, 101, 17.0000
123, 101, 16.0000
123, 101, 18.0000
123, 101, 19.0000
123, 101, 17.0000
123, 101, 16.0000
123, 101, 16.0000
123, 101, 16.0000
123, 101, 18.0000
123, 101, 16.0000
123, 101, 16.0000
123, 101, 19.0000
123, 101, 20.0000
123, 101, 19.0000
123, 101, 17.0000
123, 101, 19.0000
123, 101, 16.0000
123, 101, 17.0000
123, 101, 19.0000
123, 101, 16.0000
123, 101, 16.0000
123, 101, 18.0000
123, 101, 20.0000
123, 101, 19.0000
123, 101, 19.0000
123, 101, 20.0000
114, 102, 151.3037
114, 102, 171.2681
114, 102, 141.8054
114, 102, 117.7382
114, 102, 224.8298
114, 102, 118.1539
114, 102, 213.1783
114, 102, 95.6803
114, 102, 175.2097
114, 102, 220.6234
114, 102, 242.3048
114, 102, 209.9354
114, 102, 188.6180
114, 102, 140.9062
114, 102, 238.1660
114, 102, 179.6098
114, 102, 89.0427
114, 102, 242.3719
114, 102, 110.5205
114, 102, 240.5447
114, 102, 132.5714
114, 102, 96.0211
114, 102, 143.8250
114, 102, 168.1311
114, 102, 115.8045
114, 102, 155.8474
114, 102, 102.3551
114, 102, 95.4221
114, 102, 168.2777
114, 102, 199.0638
114, 102, 177.5123
114, 102, 185.3387
114, 102, 212.5648
114, 102, 118.4602
114, 102, 120.3167
114, 102, 176.9168
114, 102, 171.7270
114, 102, 114.7999
114, 102, 212.2569
114, 102, 218.2228
114, 102, 93.8824
114, 102, 165.7073
114, 102, 215.8206
114, 102, 216.1106
114, 102, 92.5854
114, 102, 112.5652
114, 102, 111.9905
114, 102, 185.7380
114, 102, 90.3335
114, 102, 168.7588
114, 102, 169.7034
114, 102, 96.1236
114, 102, 94.0000
114, 102, 201.0628
114, 102, 149.4381
114, 102, 190.3641
114, 102, 124.0343
114, 102, 177.3456
114, 102, 232.9152
114, 102, 191.9283
114, 102, 163.3979
114, 102, 94.0000
114, 102, 230.6115
114, 102, 133.6323
114, 102, 139.2947
114, 102, 112.7957
114, 102, 230.5095
114, 102, 153.4368
114, 102, 90.6892
114, 102, 129.2246
114, 102, 150.4123
114, 102, 201.1692
114, 102, 169.9183
114, 102, 221.9164
114, 102, 119.0332
114, 102, 193.3117
114, 102, 201.9117
114, 102, 236.2278
114, 102, 151.9975
114, 102, 162.0584
114, 102, 216.5007
114, 102, 199.8414
114, 102, 111.6709
114, 102, 126.6738
114, 102, 95.0000
114, 102, 184.3629
114, 102, 168.2929
114, 102, 121.4627
114, 102, 113.8122
114, 102, 220.4911
114, 102, 237.5315
114, 102, 145.7295
114, 102, 95.0000
114, 102, 95.0000
114, 102, 166.0498
114, 102, 205.3151
114, 102, 178.1709
114, 102, 187.0645
114, 102, 159.7527
114, 102, 93.6415
114, 102, 157.2252
114, 102, 140.5410
114, 102, 127.7889
114, 102, 143.2953
114, 102, 205.4072
114, 102, 120.9112
114, 102, 104.0458
114, 102, 196.4118
114, 102, 198.0052
114, 102, 175.8561
114, 102, 197.9262
114, 102, 239.6063
114, 102, 234.6012
114, 102, 203.2054
114, 102, 184.8249
111, 115, 208.1688
111, 115, 132.5994
111, 115, 147.3113
111, 115, 178.2259
111, 115, 135.0785
111, 115, 195.9336
111, 115, 97.0644
111, 115, 179.8771
111, 115, 77.2526
111, 115, 151.5423
111, 115, 108.0597
111, 115, 152.2502
111, 115, 139.9553
111, 115, 151.8546
111, 115, 72.7030
111, 115, 99.8414
111, 115, 154.3977
111, 115, 63.0606
111, 115, 210.3917
111, 115, 73.7458
111, 115, 225.6734
111, 115, 222.1670
111, 115, 197.0651
111, 115, 203.1943
111, 115, 191.0616
111, 115, 86.3541
112, 114, 95.7540
112, 114, 31.0000
112, 114, 35.5774
112, 114, 56.0158
112, 114, 100.0018
112, 114, 91.0713
112, 114, 46.0798
112, 114, 78.8514
112, 114, 34.0762
112, 114, 35.8186
112, 114, 55.1881
112, 114, 67.7297
112, 114, 67.6365
112, 114, 31.0000
112, 114, 55.4650
112, 114, 102.4583
112, 114, 44.2325
112, 114, 91.4286
112, 114, 85.7837
112, 114, 79.9161
112, 114, 35.0000
112, 114, 52.9072
112, 114, 115.1467
112, 114, 88.0824
112, 114, 43.2386
112, 114, 32.0000
112, 114, 31.0000
112, 114, 31.0000
112, 114, 31.0000
112, 114, 112.1161
112, 114, 118.5530
112, 114, 102.8871
112, 114, 101.9869
112, 114, 31.0000
112, 114, 85.0300
112, 114, 83.0520
112, 114, 33.0000
112, 114, 46.4779
112, 114, 31.0000
112, 114, 53.4105
112, 114, 102.2385
112, 114, 115.9627
112, 114, 115.2733
112, 114, 99.7301
112, 114, 31.0000
112, 114, 31.0000
112, 114, 34.5856
112, 114, 92.9563
112, 114, 31.0000
112, 114, 31.0000
112, 114, 32.0000
112, 114, 31.0000
112, 114, 30.7318
112, 114, 31.0000
112, 114, 33.0000
112, 114, 31.0000
112, 114, 54.2837
112, 114, 32.0000
112, 114, 31.0000
112, 114, 31.0000
112, 114, 31.0000
112, 114, 38.9840
112, 114, 39.3450
112, 114, 35.0000
112, 114, 74.7852
112, 114, 97.4017
121, 102, 123.2262
121, 102, 208.4164
121, 102, 150.0299
121, 102, 185.3613
121, 102, 178.5064
121, 102, 85.7036
121, 102, 147.4027
121, 102, 151.3623
121, 102, 138.3766
121, 102, 93.2628
121, 102, 76.3191
121, 102, 161.1458
121, 102, 199.4849
121, 102, 198.9861
121, 102, 227.8883
121, 102, 141.1869
121, 102, 216.0510
121, 102, 168.3594
121, 102, 127.3607
121, 102, 152.4900
121, 102, 112.8354
121, 102, 171.3999
121, 102, 222.4781
121, 102, 98.5868
121, 102, 167.0206
121, 102, 169.6221
121, 102, 190.4362
121, 102, 216.9439
121, 102, 125.7537
121, 102, 147.2009
121, 102, 68.5697
121, 102, 196.7209
101, 111, 125.4461
101, 111, 95.1152
101, 111, 107.9391
101, 111, 145.2472
101, 111, 61.0000
101, 111, 123.0597
101, 111, 61.0000
101, 111, 77.7498
101, 111, 152.3843
101, 111, 91.8498
101, 111, 67.5474
101, 111, 139.2820
101, 111, 64.0000
101, 111, 149.5735
101, 111, 146.3417
102, 123, 109.7676
102, 123, 105.9961
102, 123, 49.6350
102, 123, 76.5006
102, 123, 83.0831
112, 101, 112.4831
112, 101, 128.5553
112, 101, 214.0107
112, 101, 184.1517
115, 111, 199.8381
115, 111, 169.0363
115, 111, 105.3245
115, 111, 135.5799
115, 111, 228.0202
115, 111, 191.8072
115, 111, 152.6258
115, 111, 185.9457
115, 111, 83.7246
115, 111, 201.5186
115, 111, 199.5818
115, 111, 160.6753
115, 111, 116.2254
115, 111, 143.6743
115, 111, 168.1432
115, 101, 148.4343
115, 101, 78.0000
115, 101, 156.8725
115, 101, 149.2002
115, 101, 166.0150
115, 101, 163.4758
115, 101, 158.2994
115, 101, 146.4904
115, 101, 80.0000
115, 101, 77.7244
115, 101, 145.3213
115, 101, 77.8287
115, 101, 78.6838
115, 101, 82.3109
115, 101, 75.5815
115, 101, 157.9162
115, 101, 163.6869
115, 101, 134.1517
115, 101, 123.6622
115, 101, 76.0000
115, 101, 154.1878
115, 101, 156.5287
115, 101, 162.3335
115, 101, 160.1675
115, 101, 96.1431
115, 101, 120.2836
115, 101, 76.0000
115, 101, 79.0000
115, 101, 101.6563
115, 101, 134.4410
115, 101, 103.7038
115, 101, 159.8043
115, 101, 115.1679
115, 101, 78.0000
115, 101, 163.1404
115, 101, 166.6962
115, 101, 163.8760
115, 101, 154.8339
115, 101, 133.1646
115, 101, 138.0753
115, 101, 154.7987
115, 101, 91.5590
115, 101, 162.9845
115, 101, 76.0000
115, 101, 96.6259
115, 101, 139.9563
115, 101, 91.4763
115, 101, 155.9902
115, 101, 165.5913
115, 101, 163.4206
115, 101, 168.0114
115, 101, 163.4211
115, 101, 78.0000
115, 101, 74.6205
115, 101, 96.2789
115, 101, 138.3219
115, 101, 159.6732
115, 101, 75.3553
115, 101, 76.0000
115, 101, 157.0730
115, 101, 160.0128
115, 101, 153.7455
115, 101, 129.7232
115, 101, 158.2003
115, 101, 96.3559
115, 101, 155.5482
115, 101, 155.5827
115, 101, 94.6765
115, 101, 92.7791
115, 101, 84.7306
115, 101, 88.3252
115, 101, 76.0000
115, 101, 79.0000
115, 101, 76.0000
115, 101, 156.7793
115, 101, 92.4331
115, 101, 99.0121
115, 101, 84.7462
115, 101, 78.0000
115, 101, 154.0070
115, 101, 165.3933
115, 101, 151.6447
115, 101, 80.0000
115, 101, 169.5997
115, 101, 158.4806
115, 101, 161.1731
115, 101, 101.5922
115, 101, 110.8432
115, 101, 146.6138
115, 101, 153.5209
115, 101, 103.2909
115, 101, 87.7775
115, 101, 145.7727
115, 101, 85.8207
115, 101, 146.7184
115, 101, 76.0000
115, 101, 79.0000
115, 101, 76.0000
115, 101, 78.0000
115, 101, 157.6456
115, 101, 157.8840
115, 101, 124.1782
115, 101, 144.5108
115, 101, 115.1149
115, 101, 79.0000
115, 101, 80.0000
115, 101, 79.0000
115, 101, 154.8044
115, 101, 138.3228
115, 101, 116.0521
115, 101, 134.1397
115, 101, 89.1041
115, 101, 111.9036
115, 101, 160.8893
115, 101, 167.3266
115, 101, 163.8233
115, 101, 116.2296
115, 101, 76.0000
115, 101, 160.2281
115, 101, 101.2471
115, 101, 163.3879
115, 101, 158.3641
115, 101, 166.2345
115, 101, 78.2116
115, 101, 153.4646
115, 101, 109.9205
115, 101, 109.4287
115, 101, 162.4585
115, 101, 166.0823
115, 101, 74.0833
115, 101, 143.5544
115, 101, 162.0929
115, 101, 163.2084
115, 101, 157.8792
115, 101, 152.8214
115, 101, 139.4062
115, 101, 80.0000
115, 101, 161.9807
115, 101, 154.7072
115, 101, 106.5384
115, 101, 143.7605
115, 101, 86.5525
115, 101, 163.6269
115, 101, 157.1866
115, 101, 159.7567
115, 101, 77.0000
115, 101, 80.0000
115, 101, 76.0000
115, 101, 96.7268
115, 101, 85.1343
115, 101, 150.4940
115, 101, 136.0414
115, 101, 80.0000
115, 101, 114.8316
115, 101, 105.3703
115, 101, 76.0000
115, 101, 76.0000
115, 101, 165.9795
115, 101, 125.6721
115, 101, 165.3446
115, 101, 87.5215
115, 101, 117.2534
115, 101, 81.3467
115, 101, 158.8861
115, 101, 98.7112
115, 101, 159.5407
115, 101, 83.6751
115, 101, 159.7825
115, 101, 155.0786
115, 101, 148.5104
115, 101, 108.6240
115, 101, 165.5864
115, 101, 146.3686
115, 101, 157.9026
115, 101, 127.3091
115, 101, 82.2264
115, 101, 152.2082
115, 101, 136.2871
115, 101, 165.8059
115, 101, 76.0000
115, 102, 232.1094
115, 102, 253.1395
115, 102, 193.7140
115, 102, 215.5700
115, 102, 231.6985
115, 102, 201.5916
115, 102, 231.3072
115, 102, 93.8700
115, 102, 117.2379
115, 102, 258.2889
115, 102, 185.3451
115, 102, 141.5389
115, 102, 201.9012
115, 102, 204.6540
115, 102, 158.3446
115, 102, 109.4228
115, 102, 216.0167
115, 102, 144.1246
115, 102, 237.2157
115, 102, 161.7270
115, 102, 213.9271
115, 102, 103.9259
115, 102, 143.1596
115, 102, 226.7491
115, 102, 204.0992
101, 123, 32.0000
101, 123, 28.8285
101, 123, 144.8476
101, 123, 168.8062
101, 123, 165.8891
101, 123, 38.1730
101, 123, 162.6697
101, 123, 172.4434
101, 123, 158.9818
101, 123, 165.2780
101, 123, 166.5043
101, 123, 156.6448
101, 123, 66.1676
101, 123, 141.1507
101, 123, 107.9025
101, 123, 98.0874
101, 123, 97.4014
101, 123, 45.4607
101, 123, 44.3276
101, 123, 33.0000
101, 123, 106.6308
101, 123, 168.0761
101, 123, 105.6587
101, 123, 165.5240
101, 123, 143.5441
101, 123, 82.3665
101, 123, 117.1231
101, 123, 43.7445
101, 123, 55.8115
101, 123, 32.2922
101, 123, 170.4372
101, 123, 119.8821
101, 123, 52.3415
101, 123, 82.6579
101, 123, 81.0407
101, 123, 167.1429
101, 123, 52.4694
101, 123, 49.7802
101, 123, 29.0000
101, 123, 93.4025
101, 123, 122.8261
101, 123, 44.1953
101, 123, 175.2940
101, 123, 169.1931
101, 123, 117.4099
101, 123, 64.1115
101, 123, 175.3533
101, 123, 174.6071
101, 123, 31.0000
101, 123, 138.2454
101, 123, 103.6203
101, 123, 117.2876
101, 123, 141.4532
101, 123, 152.7616
101, 123, 133.9720
101, 123, 166.8869
101, 123, 48.6802
101, 123, 46.2746
101, 123, 81.1157
101, 123, 173.9164
101, 123, 67.9722
101, 123, 174.4154
101, 123, 141.1259
101, 123, 174.2196
101, 123, 73.7541
101, 123, 39.1932
101, 123, 148.9413
101, 123, 36.7718
101, 123, 76.6912
101, 123, 75.8862
101, 123, 44.9063
101, 123, 90.5680
101, 123, 108.0693
101, 123, 137.5598
101, 123, 41.6254
101, 123, 38.6609
101, 123, 100.3041
101, 123, 32.0000
101, 123, 177.5889
101, 123, 68.5286
101, 123, 168.2439
101, 123, 162.6950
101, 123, 41.9168
101, 123, 36.0835
101, 123, 74.5859
101, 123, 117.1476
101, 123, 58.9883
101, 123, 150.1616
101, 123, 82.5849
101, 123, 98.7431
101, 123, 173.1484
101, 123, 170.9852
101, 123, 173.9059
101, 123, 143.9003
101, 123, 175.1876
101, 123, 108.2176
101, 123, 172.5019
101, 123, 169.7642
101, 123, 89.5657
101, 123, 48.3957
101, 123, 48.3132
101, 123, 73.6358
101, 123, 64.2359
101, 123, 165.6891
101, 123, 108.1341
101, 123, 69.6894
101, 123, 154.1080
101, 123, 30.5730
101, 123, 27.0000
101, 123, 63.2869
101, 123, 56.4105
101, 123, 54.3602
101, 123, 32.4560
101, 123, 170.2725
101, 123, 130.2025
101, 123, 51.4779
101, 123, 67.2825
101, 123, 91.8433
101, 123, 170.9408
101, 123, 28.0000
101, 123, 114.5783
101, 123, 34.6702
101, 123, 48.8657
101, 123, 35.4187
101, 123, 62.5158
101, 123, 71.2239
101, 123, 31.6182
101, 123, 38.9251
101, 123, 143.7880
101, 123, 145.8270
101, 123, 164.5462
101, 123, 35.9517
101, 123, 59.6212
101, 123, 175.6097
101, 123, 91.2200
101, 123, 125.5340
101, 123, 93.1214
101, 123, 92.9776
101, 123, 168.9637
101, 123, 85.2311
101, 123, 140.7016
101, 123, 136.7522
101, 123, 36.0606
101, 123, 85.3739
101, 123, 34.4414
101, 123, 76.3491
101, 123, 78.7590
101, 123, 32.1769
101, 123, 177.2191
101, 123, 177.7569
101, 123, 177.7242
101, 123, 118.2219
101, 123, 118.9849
101, 123, 108.0192
101, 123, 74.8351
101, 123, 172.4977
101, 123, 127.9366
101, 123, 103.5200
101, 123, 91.2067
101, 123, 138.0739
101, 123, 57.4508
101, 123, 35.0000
101, 123, 63.2521
101, 123, 118.6775
101, 123, 84.2879
101, 123, 114.6521
101, 123, 118.1503
101, 123, 133.0473
102, 115, 189.6395
102, 115, 98.9009
102, 115, 154.0939
102, 115, 110.8324
102, 115, 238.3009
102, 115, 233.6108
102, 115, 172.7186
102, 115, 247.2574
102, 115, 252.3067
102, 115, 245.3740
102, 115, 128.1640
102, 115, 234.2538
102, 115, 212.6027
102, 115, 237.6503
102, 115, 239.7227
102, 115, 150.5449
115, 114, 88.4515
115, 114, 74.1739
115, 114, 86.0497
115, 114, 65.9320
115, 114, 16.6104
115, 114, 76.6111
115, 114, 55.6086
115, 114, 76.5365
115, 114, 18.0000
115, 114, 155.6517
115, 114, 25.9013
115, 114, 20.4766
115, 114, 117.4549
115, 114, 131.0509
115, 114, 107.5169
115, 114, 54.9275
115, 114, 56.2565
115, 114, 93.1488
115, 114, 69.2389
115, 114, 29.7548
115, 114, 50.7083
115, 114, 92.9191
115, 114, 72.8068
115, 114, 156.8826
115, 114, 19.7483
115, 114, 80.9847
115, 114, 123.2691
115, 114, 45.4627
115, 114, 105.4688
115, 114, 105.8856
115, 114, 131.5444
115, 114, 124.5675
115, 114, 121.2575
115, 114, 157.4595
115, 114, 106.3133
115, 114, 34.3786
115, 114, 59.0018
115, 114, 173.8209
115, 114, 52.4731
115, 114, 35.0244
115, 114, 43.4674
115, 114, 128.4648
115, 114, 41.5349
115, 114, 37.5871
115, 114, 84.0627
115, 114, 130.6648
115, 114, 104.8997
115, 114, 138.7546
115, 114, 95.9169
115, 114, 60.1700
115, 114, 19.8755
115, 114, 168.9005
115, 114, 119.2743
115, 114, 79.8376
115, 114, 170.7693
115, 114, 136.0324
115, 114, 86.8733
115, 114, 160.4077
115, 114, 72.0694
115, 114, 145.6482
115, 114, 77.6248
115, 114, 163.8219
115, 114, 167.3850
115, 114, 136.3365
115, 114, 28.6337
115, 114, 19.4295
115, 114, 110.1166
115, 114, 144.2563
115, 114, 157.7261
115, 114, 45.0506
115, 114, 21.2444
115, 114, 79.0525
115, 114, 90.6339
115, 114, 47.4223
115, 114, 107.9253
115, 114, 39.3511
115, 114, 20.3260
115, 114, 160.4636
115, 114, 19.0000
115, 114, 19.0000
115, 114, 18.0000
115, 114, 118.0210
115, 114, 16.7527
115, 114, 119.5258
115, 114, 18.0000
115, 114, 118.1770
115, 114, 155.4785
115, 114, 126.5880
115, 114, 154.6827
115, 114, 142.6537
115, 114, 150.8170
115, 114, 136.8658
115, 114, 52.4272
115, 114, 16.0421
115, 114, 149.8229
115, 114, 80.3360
115, 114, 49.9333
115, 114, 137.8106
115, 114, 16.0000
115, 114, 91.0544
115, 114, 117.1300
115, 114, 94.1251
115, 114, 90.5341
115, 114, 101.6530
115, 114, 120.1863
115, 114, 103.5918
115, 114, 152.8192
115, 114, 18.0000
115, 114, 36.6326
115, 114, 173.8040
115, 114, 170.1808
115, 114, 69.4867
115, 114, 33.0516
115, 114, 120.5573
115, 114, 164.0579
115, 114, 39.4165
115, 114, 84.1743
115, 114, 108.7531
115, 114, 76.2110
115, 114, 71.3186
115, 114, 40.3748
115, 114, 90.0446
115, 114, 56.5928
115, 114, 139.5392
115, 114, 102.1089
115, 114, 81.4517
115, 114, 55.4607
115, 114, 69.1092
115, 114, 140.0030
115, 114, 102.1098
115, 114, 136.6517
115, 114, 22.8251
115, 114, 171.1873
115, 114, 71.3740
115, 114, 163.8779
115, 114, 38.7573
115, 114, 30.0585
115, 114, 30.0373
115, 114, 134.6807
115, 114, 69.3544
115, 114, 84.4025
115, 114, 100.7912
115, 114, 47.1484
115, 114, 45.3857
115, 114, 50.2181
115, 114, 18.0000
115, 114, 20.0000
115, 114, 133.5449
115, 114, 32.1249
115, 114, 55.1517
115, 114, 17.8147
115, 114, 134.4547
115, 114, 74.2992
115, 114, 16.3044
115, 114, 65.0880
115, 114, 42.4772
115, 114, 169.5298
115, 114, 18.0000
115, 114, 20.0000
115, 114, 86.6562
115, 114, 130.7823
115, 114, 157.5774
115, 114, 120.7402
115, 114, 53.7512
115, 114, 113.0398
115, 114, 84.6187
115, 114, 18.0000
115, 114, 145.3420
115, 114, 82.2393
115, 114, 82.0060
115, 114, 104.8745
115, 114, 122.0865
115, 114, 69.1544
115, 114, 34.9465
115, 114, 128.3787
115, 114, 64.5458
115, 114, 79.8318
115, 114, 29.4126
115, 114, 87.6879
115, 114, 168.6657
115, 114, 114.4734
115, 114, 80.1618
115, 114, 45.1472
115, 114, 56.3661
115, 114, 137.8663
115, 114, 57.1069
115, 114, 35.7641
115, 114, 61.6007
115, 114, 150.0346
115, 114, 120.5813
115, 114, 144.2347
115, 114, 59.7450
115, 114, 18.2004
115, 114, 98.2386
115, 114, 71.1887
115, 114, 25.7857
115, 114, 41.9952
115, 114, 110.1156
115, 114, 74.2607
115, 114, 91.0750
115, 114, 51.8965
115, 114, 28.4559
115, 114, 137.7432
115, 114, 77.0350
115, 114, 98.5441
115, 114, 134.6379
115, 114, 115.3688
115, 114, 159.6431
115, 114, 97.2556
115, 114, 99.3294
115, 114, 91.8711
115, 114, 131.0778
115, 114, 102.8038
115, 114, 70.9884
115, 114, 93.3074
115, 114, 114.1662
115, 114, 114.2871
115, 114, 26.9782
115, 114, 27.7461
115, 114, 18.2889
115, 114, 114.2506
115, 114, 18.0000
115, 114, 98.8747
115, 114, 85.5019
115, 114, 79.2407
115, 114, 146.1409
115, 114, 79.2373
115, 114, 163.5121
115, 114, 121.8587
115, 114, 30.7874
115, 114, 91.3109
115, 114, 20.0000
115, 114, 20.0000
115, 114, 19.0000
115, 114, 161.6515
115, 114, 38.5959
115, 114, 168.6604
115, 114, 18.3820
115, 114, 89.1407
115, 114, 20.0000
115, 114, 143.1458
115, 114, 33.4549
115, 114, 171.4442
115, 114, 32.4864
115, 114, 64.9626
115, 114, 63.7556
115, 114, 123.4528
115, 114, 45.7720
115, 114, 85.8550
115, 114, 153.4878
115, 114, 67.9095
115, 114, 78.7623
115, 114, 171.5776
115, 114, 103.8169
115, 114, 129.1300
115, 114, 151.5708
115, 114, 163.9052
115, 114, 152.0316
115, 114, 83.3611
115, 114, 150.4152
115, 114, 152.6447
115, 114, 151.9829
115, 114, 19.0000
115, 114, 155.4051
115, 114, 75.9688
115, 114, 127.7312
115, 114, 102.6454
115, 114, 153.5780
115, 114, 20.0000
115, 114, 168.0945
115, 114, 111.0087
115, 114, 20.1537
115, 114, 152.7740
115, 114, 166.9399
115, 114, 172.3471
115, 114, 35.6390
115, 114, 111.2434
115, 114, 167.1088
115, 114, 127.0290
115, 114, 20.0000
115, 114, 24.5740
115, 114, 147.2947
115, 114, 112.0671
115, 114, 145.6997
115, 114, 44.7802
115, 114, 103.1483
115, 114, 25.1627
115, 114, 18.9764
115, 114, 27.8851
115, 114, 154.6087
115, 114, 118.7755
115, 114, 115.4489
115, 114, 118.7802
115, 114, 58.2559
115, 114, 26.6082
115, 114, 145.4668
115, 114, 17.3495
115, 114, 122.7807
115, 114, 85.1613
115, 114, 128.7302
115, 114, 162.1300
115, 114, 54.2457
115, 114, 55.8582
115, 114, 95.0874
115, 114, 56.4832
115, 114, 167.0802
115, 114, 111.3662
115, 114, 136.4957
115, 114, 18.7586
115, 114, 130.0953
115, 114, 78.5050
115, 114, 114.1097
115, 114, 125.5103
115, 114, 70.3016
115, 114, 28.0055
115, 114, 150.7315
115, 114, 132.2911
115, 114, 116.5612
115, 114, 145.3099
115, 114, 161.5072
115, 114, 68.3593
115, 114, 100.3992
115, 114, 110.6538
115, 114, 109.3214
115, 114, 105.5241
115, 114, 35.6175
115, 114, 96.3768
115, 114, 127.6884
113, 101, 230.9760
113, 101, 153.5471
113, 101, 224.9196
113, 101, 80.8121
113, 101, 227.4707
113, 101, 76.0000
113, 101, 91.9343
101, 114, 123.0155
101, 114, 156.1775
101, 114, 131.8887
101, 114, 111.5342
101, 114, 93.3386
101, 114, 77.7099
101, 114, 82.4365
101, 114, 145.3319
101, 114, 163.9691
101, 114, 142.2329
101, 114, 111.3229
101, 114, 168.5386
101, 114, 132.1462
101, 114, 105.6639
101, 114, 155.3647
101, 114, 161.2016
101, 114, 158.7130
101, 114, 169.0390
101, 114, 167.0048
101, 114, 167.0070
101, 114, 87.7938
101, 114, 109.4998
101, 114, 100.0249
101, 114, 165.2385
101, 114, 94.7508
101, 114, 100.0052
101, 114, 87.8555
101, 114, 87.8565
101, 114, 167.3703
101, 114, 161.1180
101, 114, 151.1911
101, 114, 113.1523
101, 114, 81.3125
101, 114, 82.2787
101, 114, 157.4047
101, 114, 163.1730
101, 114, 158.8062
101, 114, 158.9450
101, 114, 83.2109
101, 114, 93.8282
101, 114, 76.5145
101, 114, 169.9042
101, 114, 80.0000
101, 114, 80.0000
101, 114, 80.0000
101, 114, 158.6377
101, 114, 158.1100
101, 114, 160.1289
101, 114, 161.7126
101, 114, 155.7996
101, 114, 157.7486
101, 114, 165.1288
101, 114, 96.2915
101, 114, 164.1045
101, 114, 164.1004
101, 114, 102.3267
101, 114, 120.0474
101, 114, 146.8894
101, 114, 100.7787
101, 114, 94.3249
101, 114, 80.0000
101, 114, 169.0719
101, 114, 156.5327
101, 114, 167.7711
101, 114, 168.4448
101, 114, 166.0656
101, 114, 169.1685
101, 114, 156.2406
101, 114, 79.5873
101, 114, 122.1516
101, 114, 96.2901
101, 114, 81.2085
101, 114, 120.3144
101, 114, 95.3244
101, 114, 160.8806
101, 114, 160.7299
101, 114, 160.6917
101, 114, 165.3049
101, 114, 167.1567
101, 114, 155.1742
101, 114, 118.3877
101, 114, 89.0471
101, 114, 89.0598
101, 114, 121.0440
101, 114, 141.0144
101, 114, 168.1690
101, 114, 101.5180
101, 114, 80.9218
101, 114, 100.9442
101, 114, 158.5104
101, 114, 108.4136
101, 114, 123.1755
101, 114, 83.3760
101, 114, 151.8458
101, 114, 81.6935
101, 114, 143.0115
101, 114, 114.9013
101, 114, 163.3492
101, 114, 167.4011
101, 114, 167.9850
101, 114, 164.4530
101, 114, 161.6853
101, 114, 148.4044
101, 114, 100.4704
101, 114, 160.4846
101, 114, 161.3993
101, 114, 159.6919
101, 114, 159.3268
101, 114, 90.9559
101, 114, 112.4224
101, 114, 113.1569
101, 114, 133.8042
101, 114, 80.1563
101, 114, 98.2438
101, 114, 99.7362
101, 114, 117.6845
101, 114, 76.1627
101, 114, 80.0000
101, 114, 163.0104
101, 114, 156.6983
101, 114, 159.2178
101, 114, 156.5405
101, 114, 157.2017
101, 114, 164.5949
101, 114, 159.2796
101, 114, 169.6865
101, 114, 166.7191
101, 114, 163.6656
101, 114, 101.1775
101, 114, 129.5013
101, 114, 89.3679
101, 114, 154.1201
101, 114, 88.3743
101, 114, 80.4332
101, 114, 80.4280
101, 114, 83.0655
101, 114, 94.0082
101, 114, 156.7914
101, 114, 166.3693
101, 114, 166.9122
101, 114, 167.5333
101, 114, 167.8473
101, 114, 160.4732
101, 114, 138.2772
101, 114, 162.2250
101, 114, 96.4120
101, 114, 155.1816
101, 114, 93.8247
101, 114, 96.1345
101, 114, 159.6492
101, 114, 134.6502
101, 114, 104.3338
101, 114, 89.1069
101, 114, 154.9573
101, 114, 80.0000
101, 114, 80.0000
101, 114, 164.4625
101, 114, 167.4646
101, 114, 77.9828
101, 114, 127.3289
101, 114, 125.2863
101, 114, 103.7246
101, 114, 155.2212
101, 114, 157.1217
101, 114, 167.3075
101, 114, 106.0308
101, 114, 91.9676
101, 114, 92.9192
101, 114, 166.3927
101, 114, 160.4238
101, 114, 124.9093
101, 114, 150.0923
101, 114, 99.9438
101, 114, 112.3928
101, 114, 89.9916
101, 114, 154.3656
101, 114, 160.2101
101, 114, 168.3390
101, 114, 168.0700
101, 114, 158.9830
101, 114, 160.8706
101, 114, 138.3637
101, 114, 165.1320
101, 114, 164.2472
101, 114, 164.6309
101, 114, 164.6118
101, 114, 161.1556
101, 114, 168.7656
101, 114, 167.4292
101, 114, 159.2630
101, 114, 158.2478
101, 114, 104.8111
101, 114, 108.7620
101, 114, 122.9006
101, 114, 155.9803
101, 114, 165.1932
101, 114, 167.6124
101, 114, 167.3873
101, 114, 163.2681
101, 114, 162.1990
101, 114, 164.1136
101, 114, 162.0318
101, 114, 133.6521
101, 114, 145.3159
101, 114, 156.5460
101, 114, 111.8515
101, 114, 150.2187
101, 114, 149.6034
101, 114, 91.8987
101, 114, 159.6013
101, 114, 164.0697
101, 114, 168.6715
101, 114, 154.8543
101, 114, 138.4043
101, 114, 149.6253
101, 114, 162.2737
101, 114, 164.5663
101, 114, 162.0531
101, 114, 145.5867
101, 114, 80.0000
101, 114, 167.4866
101, 114, 169.3409
101, 114, 155.1864
101, 114, 155.2914
101, 114, 165.6462
101, 114, 161.0367
101, 114, 104.5362
101, 114, 164.6246
101, 114, 130.4768
101, 114, 147.9913
101, 114, 160.5899
101, 114, 97.7375
101, 114, 80.0000
101, 114, 77.1857
101, 114, 108.3175
101, 114, 77.1377
101, 114, 77.1885
101, 114, 91.1946
101, 114, 96.7533
101, 114, 83.2470
101, 114, 160.1794
101, 114, 163.3613
101, 114, 160.6331
101, 114, 157.4276
101, 114, 105.4138
101, 114, 127.9672
101, 114, 99.9620
101, 114, 133.7758
101, 114, 90.1452
101, 114, 80.0000
101, 114, 165.7501
101, 114, 163.2861
101, 114, 169.0259
101, 114, 157.9900
101, 114, 162.8728
101, 114, 118.3330
101, 114, 154.7132
101, 114, 138.1384
101, 114, 135.5077
101, 114, 158.2585
101, 114, 80.0152
101, 114, 136.0776
101, 114, 80.0000
101, 114, 155.6519
101, 114, 156.4428
101, 114, 160.4457
101, 114, 161.9754
101, 114, 155.7121
101, 114, 162.6448
101, 114, 166.8386
101, 114, 161.1448
101, 114, 167.4332
101, 114, 164.9410
101, 114, 163.5068
101, 114, 164.1565
101, 114, 164.9385
101, 114, 164.9852
101, 114, 160.1300
101, 114, 167.1871
101, 114, 167.1838
101, 114, 161.7347
101, 114, 165.0297
101, 114, 159.5866
101, 114, 99.2115
101, 114, 130.6915
101, 114, 107.6410
101, 114, 116.3639
101, 114, 89.7693
101, 114, 118.4148
101, 114, 115.6834
101, 114, 105.1876
101, 114, 80.0000
101, 114, 160.5445
101, 114, 160.4215
101, 114, 161.8910
101, 114, 164.8283
101, 114, 162.1001
101, 114, 159.9728
101, 114, 165.2476
101, 114, 157.5133
101, 114, 94.5142
101, 114, 108.8508
101, 114, 152.9226
101, 114, 161.0512
101, 114, 165.8649
101, 114, 133.3905
101, 114, 106.3448
101, 114, 163.9086
101, 114, 161.4467
101, 114, 80.0000
101, 114, 167.7626
101, 114, 167.1472
101, 114, 162.1968
101, 114, 166.9773
101, 114, 167.2353
101, 114, 156.5370
101, 114, 146.7465
101, 114, 104.5734
101, 114, 168.6894
101, 114, 138.7355
101, 114, 80.0000
101, 114, 80.0000
101, 114, 80.0000
101, 114, 158.8335
101, 114, 160.9579
101, 114, 169.4190
101, 114, 160.9561
101, 114, 157.9807
101, 114, 160.6967
101, 114, 157.9506
101, 114, 155.4892
101, 114, 167.8205
101, 114, 167.3412
101, 114, 166.2143
101, 114, 167.8321
101, 114, 169.7888
101, 114, 160.1509
101, 114, 87.4874
101, 114, 141.9339
101, 114, 88.1307
101, 114, 80.0000
101, 114, 165.4184
101, 114, 156.3533
101, 114, 155.0596
101, 114, 159.7223
101, 114, 159.4187
101, 114, 159.0409
101, 114, 115.5820
101, 114, 145.9145
101, 114, 115.5935
101, 114, 117.8257
101, 114, 82.3458
101, 114, 87.4650
101, 114, 134.0000
101, 114, 158.0800
101, 114, 160.3016
101, 114, 166.7168
101, 114, 164.9335
101, 114, 84.0421
101, 114, 80.7643
101, 114, 144.8410
101, 114, 169.0018
101, 114, 168.7988
101, 114, 119.5498
101, 114, 159.8685
101, 114, 119.5498
101, 114, 165.8871
101, 114, 139.6811
101, 114, 80.0000
101, 114, 80.0000
101, 114, 80.0000
101, 114, 157.0593
101, 114, 114.0736
101, 114, 96.2603
101, 114, 166.8260
101, 114, 140.7900
101, 114, 92.8659
101, 114, 167.8999
101, 114, 147.0036
101, 114, 151.0456
101, 114, 157.7642
101, 114, 165.3754
101, 114, 157.4140
101, 114, 158.1685
101, 114, 167.7251
101, 114, 167.6742
101, 114, 163.5257
101, 114, 159.2628
101, 114, 165.8686
101, 114, 107.0718
101, 114, 91.3365
101, 114, 147.6066
101, 114, 128.3955
101, 114, 125.0499
101, 114, 142.1780
101, 114, 134.4764
101, 114, 165.2207
101, 114, 138.8970
101, 114, 145.3191
101, 114, 145.1485
101, 114, 146.4173
101, 114, 109.9773
101, 114, 165.3856
101, 114, 161.5912
101, 114, 80.0000
101, 114, 167.3130
101, 114, 165.0971
101, 114, 165.4525
101, 114, 167.9271
101, 114, 150.9920
101, 114, 159.7591
101, 114, 84.5636
101, 114, 83.8699
101, 114, 142.4108
101, 114, 163.5779
101, 114, 128.8463
101, 114, 77.7988
101, 114, 80.0000
101, 114, 80.0000
101, 114, 155.7533
101, 114, 158.4733
101, 114, 161.2417
101, 114, 109.9771
101, 114, 160.8092
101, 114, 160.6394
101, 114, 92.1810
101, 114, 87.2259
101, 114, 80.0000
101, 114, 157.7246
101, 114, 169.4539
101, 114, 169.8061
101, 114, 169.7999
101, 114, 169.5940
101, 114, 169.8056
101, 114, 167.7245
101, 114, 158.7758
101, 114, 169.2530
101, 114, 137.2111
101, 114, 108.1107
101, 114, 104.2653
101, 114, 147.8434
101, 114, 128.1707
101, 114, 80.0000
101, 114, 80.0000
101, 114, 80.0000
101, 114, 166.9457
101, 114, 162.4103
101, 114, 88.3034
101, 114, 76.6342
101, 114, 124.2036
101, 114, 76.4300
101, 114, 90.4510
101, 114, 133.2380
101, 114, 76.7445
101, 114, 126.3685
101, 114, 124.2021
101, 114, 90.6748
101, 114, 126.0096
101, 114, 80.0000
101, 114, 167.6070
101, 114, 161.3495
101, 114, 161.3601
122, 103, 52.8846
122, 103, 129.5775
122, 103, 105.9790
122, 103, 35.0000
122, 103, 35.0000
122, 103, 46.7406
122, 103, 115.6125
122, 103, 35.0000
122, 103, 119.5648
122, 103, 35.0000
122, 103, 35.0000
122, 103, 59.1364
122, 103, 45.0025
122, 103, 93.6222
122, 103, 109.1861
122, 103, 35.0000
122, 103, 63.8880
122, 103, 125.3035
122, 103, 35.0000
122, 103, 43.1028
122, 103, 102.7301
122, 103, 89.5074
122, 103, 128.1128
122, 103, 81.5574
122, 103, 84.2543
122, 103, 34.0191
121, 123, 217.2190
121, 123, 267.2438
121, 123, 280.1388
121, 123, 265.6878
121, 123, 257.4939
121, 123, 218.7147
121, 123, 286.8585
121, 123, 145.8006
115, 103, 191.6106
115, 103, 87.1677
115, 103, 212.3821
115, 103, 92.6573
115, 103, 141.0692
115, 103, 206.6260
115, 103, 235.1002
115, 103, 112.2393
115, 103, 90.5616
115, 103, 176.5178
115, 103, 191.1796
115, 103, 110.0970
115, 103, 161.4666
115, 103, 228.3943
115, 103, 117.7270
115, 103, 211.6201
115, 103, 246.6494
115, 103, 191.6258
115, 103, 237.0553
112, 121, 156.6442
112, 121, 272.8147
112, 121, 242.9190
112, 121, 244.0485
112, 121, 114.1830
112, 121, 149.9398
112, 121, 267.8273
112, 121, 166.8831
112, 121, 207.7137
115, 121, 141.3533
115, 121, 228.9611
115, 121, 223.3532
115, 121, 254.6460
115, 121, 166.3112
115, 121, 209.5832
115, 121, 161.7541
115, 121, 235.7496
115, 121, 207.3922
115, 121, 200.7634
115, 121, 294.4331
115, 121, 198.1812
115, 121, 255.2721
115, 121, 234.5985
121, 101, 95.6227
121, 101, 93.6836
121, 101, 46.0000
121, 101, 46.0000
121, 101, 46.0000
121, 101, 48.0000
121, 101, 135.2409
121, 101, 50.0000
121, 101, 46.0000
121, 101, 107.8761
121, 101, 50.0000
121, 101, 57.9536
112, 115, 129.2169
112, 115, 167.7637
112, 115, 69.2594
112, 115, 212.1005
112, 115, 128.2181
112, 115, 72.8243
112, 115, 188.0991
112, 115, 103.4962
112, 115, 151.4988
112, 115, 184.2106
112, 115, 47.5723
112, 115, 189.5851
112, 115, 46.3592
112, 115, 193.8737
112, 115, 91.5582
112, 115, 163.0064
101, 101, 80.6727
101, 101, 53.4260
101, 101, 88.4489
101, 101, 87.9556
101, 101, 76.2267
101, 101, 20.0000
101, 101, 67.8756
101, 101, 19.5935
101, 101, 64.3621
101, 101, 98.4480
101, 101, 56.0525
101, 101, 20.0000
101, 101, 21.0018
101, 101, 74.0207
101, 101, 95.9257
101, 101, 77.6321
101, 101, 40.3276
101, 101, 23.2980
101, 101, 25.4815
101, 101, 35.6108
101, 101, 59.2681
101, 101, 20.0000
101, 101, 20.0000
101, 101, 40.7527
101, 101, 20.0000
101, 101, 66.8572
101, 101, 38.0481
101, 101, 45.7731
101, 101, 79.9909
101, 101, 60.5589
101, 101, 60.8453
101, 101, 41.8847
101, 101, 43.9459
101, 101, 20.0000
101, 101, 94.4352
101, 101, 91.7609
101, 101, 35.0360
101, 101, 20.5523
101, 101, 40.7276
101, 101, 23.1813
101, 101, 20.0000
101, 101, 77.1324
101, 101, 41.4542
101, 101, 70.0866
101, 101, 37.7354
101, 101, 20.0000
101, 101, 20.0000
101, 101, 53.8730
101, 101, 68.3782
101, 101, 35.3990
101, 101, 86.7465
101, 101, 20.0000
101, 101, 25.5240
101, 101, 47.7224
101, 101, 63.3414
101, 101, 69.3385
101, 101, 25.4080
101, 101, 49.3159
101, 101, 33.0991
101, 101, 19.4293
101, 101, 94.4878
101, 101, 40.8034
101, 101, 81.2135
101, 101, 20.0000
101, 101, 57.1133
101, 101, 22.3655
101, 101, 22.3549
101, 101, 73.5713
101, 101, 20.0000
101, 101, 69.9568
101, 101, 32.0191
101, 101, 23.5148
101, 101, 51.7887
101, 101, 47.1768
101, 101, 46.9982
101, 101, 35.1452
101, 101, 48.3840
101, 101, 19.4889
101, 101, 73.4955
101, 101, 38.8530
101, 101, 81.8996
101, 101, 18.4594
101, 101, 52.2175
101, 101, 36.0884
101, 101, 20.0000
101, 101, 69.7068
101, 101, 58.3478
101, 101, 41.7636
101, 101, 20.0000
101, 101, 20.0000
101, 101, 38.7995
101, 101, 18.2515
101, 101, 25.5259
101, 101, 62.5475
101, 101, 54.5782
101, 101, 44.6674
101, 101, 32.2167
101, 101, 20.2447
101, 101, 70.6587
101, 101, 97.8405
101, 101, 56.8146
101, 101, 57.8758
101, 101, 60.8034
101, 101, 46.2636
101, 101, 46.9269
101, 101, 94.6513
101, 101, 18.2032
101, 101, 39.6617
101, 101, 40.7453
101, 101, 88.5921
101, 101, 30.7251
101, 101, 32.0970
101, 101, 80.1286
101, 101, 49.5565
101, 101, 24.9229
101, 101, 27.4199
101, 101, 50.3198
101, 101, 74.6342
101, 101, 39.4575
101, 101, 33.9503
101, 101, 98.3228
101, 101, 78.3423
101, 101, 49.9080
101, 101, 45.4896
101, 101, 50.8377
101, 101, 49.9300
101, 101, 27.4870
103, 123, 217.2096
103, 123, 113.9273
103, 123, 205.4073
103, 123, 187.3736
103, 123, 252.0742
103, 123, 110.1551
122, 101, 86.8744
122, 101, 32.0000
122, 101, 33.0000
122, 101, 43.7892
122, 101, 73.3793
122, 101, 69.2420
122, 101, 35.0000
122, 101, 38.3925
122, 101, 78.4655
122, 101, 35.0000
122, 101, 31.0000
122, 101, 103.4516
122, 101, 31.0000
122, 101, 121.5549
122, 101, 83.1405
122, 101, 113.9824
122, 101, 33.0000
122, 101, 33.0000
122, 101, 31.0000
122, 101, 84.1946
122, 101, 52.3242
122, 101, 104.2954
122, 101, 62.2282
122, 101, 31.0000
122, 101, 113.3654
122, 101, 31.0000
122, 101, 31.0000
122, 101, 35.0000
122, 101, 35.0000
122, 101, 109.2956
122, 101, 73.2921
122, 101, 34.0000
122, 101, 34.0000
122, 101, 101.1944
122, 101, 32.4673
122, 101, 32.0000
122, 101, 86.3848
122, 101, 32.0000
122, 101, 34.0000
122, 101, 35.0000
122, 101, 31.0000
122, 101, 31.0000
122, 101, 52.7918
122, 101, 87.5691
122, 101, 110.8431
122, 101, 112.9147
122, 101, 109.5868
122, 101, 31.0000
122, 101, 98.4806
122, 101, 35.5006
122, 101, 35.0000
122, 101, 105.5137
122, 101, 88.7571
122, 101, 31.0000
122, 101, 31.0000
122, 101, 34.0000
122, 101, 31.0000
122, 101, 52.0814
122, 101, 34.0000
122, 101, 110.3253
122, 101, 39.7943
122, 101, 32.0000
122, 101, 31.0000
122, 101, 72.0821
122, 101, 117.5553
122, 101, 64.5383
122, 101, 35.0000
122, 101, 31.0000
122, 101, 32.0000
122, 101, 83.1160
122, 101, 32.0000
122, 101, 34.0000
122, 101, 33.0000
122, 101, 33.0000
122, 101, 34.0000
122, 101, 93.9913
122, 101, 31.0000
122, 101, 72.4379
122, 101, 72.8838
122, 101, 37.3143
122, 101, 101.9703
122, 101, 102.6604
122, 101, 34.0000
122, 101, 72.8634
122, 101, 33.0000
122, 101, 31.0000
122, 101, 112.7504
122, 101, 74.6071
122, 101, 34.0000
122, 101, 31.0000
122, 101, 58.7716
122, 101, 53.1942
122, 101, 32.0000
122, 101, 35.0000
122, 101, 32.4880
122, 101, 111.3240
122, 101, 108.7732
102, 101, 169.9732
102, 101, 143.1783
102, 101, 140.2494
102, 101, 154.5869
102, 101, 116.7549
102, 101, 21.3406
102, 101, 55.4870
102, 101, 24.2643
102, 101, 89.1201
102, 101, 59.2134
102, 101, 41.6827
102, 101, 17.8060
102, 101, 137.0780
102, 101, 80.0720
102, 101, 108.1849
102, 101, 67.7746
102, 101, 63.1871
102, 101, 20.7029
102, 101, 146.0247
102, 101, 20.0000
102, 101, 20.0000
102, 101, 90.3748
102, 101, 169.3423
102, 101, 173.4129
102, 101, 33.1598
102, 101, 150.9271
102, 101, 61.1756
102, 101, 119.5490
102, 101, 110.3798
102, 101, 146.2219
102, 101, 158.7161
102, 101, 84.4425
102, 101, 126.2655
102, 101, 144.4262
102, 101, 168.6710
102, 101, 140.0158
102, 101, 40.5513
102, 101, 137.2648
102, 101, 20.0000
102, 101, 131.3019
102, 101, 164.5198
102, 101, 120.0797
102, 101, 127.3241
102, 101, 55.7417
102, 101, 135.2517
102, 101, 85.8948
102, 101, 165.0339
102, 101, 88.3926
102, 101, 155.6479
102, 101, 18.0000
102, 101, 133.7613
102, 101, 153.6988
102, 101, 148.0497
102, 101, 165.2440
102, 101, 26.3666
102, 101, 97.0598
102, 101, 85.1414
102, 101, 53.3402
102, 101, 96.0189
102, 101, 132.7195
102, 101, 43.8958
115, 123, 176.2552
115, 123, 247.4446
115, 123, 263.1551
115, 123, 234.2749
115, 123, 196.3180
115, 123, 166.9896
115, 123, 272.8196
115, 123, 173.8252
115, 123, 227.7526
115, 123, 279.0236
115, 123, 247.5959
115, 123, 313.3644
115, 123, 240.9356
115, 123, 293.5731
115, 123, 279.7282
115, 123, 226.0337
115, 123, 226.3777
115, 123, 211.0759
115, 123, 201.3244
115, 123, 185.6514
115, 123, 205.7235
115, 123, 298.3133
115, 123, 306.4965
115, 123, 183.3117
115, 123, 262.4590
115, 123, 201.5494
115, 123, 304.3131
115, 123, 214.5585
115, 123, 223.8301
115, 123, 294.7449
115, 123, 311.7875
115, 123, 228.8757
115, 123, 312.4148
115, 123, 213.5385
115, 123, 322.2024
115, 123, 326.8813
115, 123, 317.0157
115, 123, 173.2222
115, 123, 160.9259
115, 123, 274.0641
115, 123, 190.5387
115, 123, 261.4390
115, 123, 248.9218
115, 123, 226.9499
115, 123, 176.2576
115, 123, 276.2547
115, 123, 257.4419
115, 123, 234.4414
101, 112, 130.5999
101, 112, 165.1384
101, 112, 90.5836
101, 112, 76.0000
101, 112, 96.0430
101, 112, 85.1982
101, 112, 134.0215
101, 112, 159.2930
101, 112, 76.0000
101, 112, 158.0750
102, 114, 73.5524
102, 114, 165.2265
102, 114, 163.8564
102, 114, 155.6484
102, 114, 164.3158
102, 114, 86.5818
102, 114, 118.8948
102, 114, 97.3891
102, 114, 106.7072
102, 114, 86.5891
102, 114, 111.5339
102, 114, 115.1313
102, 114, 163.3808
102, 114, 165.2299
102, 114, 141.1017
102, 114, 157.6781
102, 114, 129.1681
102, 114, 76.0000
102, 114, 150.9589
102, 114, 110.1039
102, 114, 143.7153
102, 114, 151.3583
102, 114, 161.9978
102, 114, 80.0000
102, 114, 158.8890
102, 114, 97.9089
102, 114, 78.0000
102, 114, 79.0000
102, 114, 162.7350
102, 114, 155.2300
102, 114, 155.1120
102, 114, 165.4346
102, 114, 98.7351
102, 114, 76.0000
102, 114, 159.2232
102, 114, 107.1941
102, 114, 147.5303
102, 114, 79.0000
102, 114, 76.0000
102, 114, 114.5790
102, 114, 106.5944
102, 114, 132.9840
102, 114, 151.0941
102, 114, 155.0951
102, 114, 104.4474
102, 114, 136.4111
102, 114, 161.6266
102, 114, 122.6351
102, 114, 93.0579
102, 114, 159.9858
102, 114, 161.8038
102, 114, 133.8391
102, 114, 76.0000
102, 114, 99.1897
102, 114, 119.2211
102, 114, 118.1982
102, 114, 79.0000
102, 114, 76.0000
102, 114, 109.0907
102, 114, 77.0000
102, 114, 96.4207
102, 114, 76.0000
102, 114, 152.2959
102, 114, 78.0000
102, 114, 165.5069
102, 114, 92.9238
102, 114, 108.7886
102, 114, 126.6446
102, 114, 149.9648
102, 114, 76.0000
102, 114, 156.0046
102, 114, 114.9432
102, 114, 114.8762
102, 114, 142.0813
102, 114, 116.9314
102, 114, 80.0000
102, 114, 76.0000
102, 114, 161.8172
102, 114, 147.8278
102, 114, 95.3111
102, 114, 78.1571
102, 114, 80.0000
102, 114, 151.4357
102, 114, 128.0331
102, 114, 77.0000
102, 114, 161.3474
102, 114, 158.3054
102, 114, 145.1276
102, 114, 81.2858
102, 114, 150.7920
102, 114, 155.8956
102, 114, 163.9668
102, 114, 80.0000
102, 114, 122.7050
102, 114, 76.0000
102, 114, 86.9954
102, 114, 94.2746
102, 114, 97.2898
102, 114, 78.3331
102, 114, 152.4864
102, 114, 148.1113
102, 114, 115.2970
102, 114, 162.6549
102, 114, 94.2586
102, 114, 126.1702
102, 114, 76.0000
102, 114, 163.1778
102, 114, 115.8977
102, 114, 80.8113
102, 114, 76.0000
102, 114, 78.0000
102, 114, 163.8351
102, 114, 163.8079
122, 114, 118.8475
122, 114, 141.2897
122, 114, 177.5520
122, 114, 94.2508
122, 114, 165.5716
122, 114, 196.3241
122, 114, 61.8573
114, 103, 139.2817
114, 103, 118.7667
114, 103, 80.0000
114, 103, 126.2656
114, 103, 152.4057
114, 103, 103.5736
123, 114, 76.0000
123, 114, 102.6409
123, 114, 176.3252
123, 114, 170.5760
123, 114, 187.0979
123, 114, 95.0559
123, 114, 227.6630
123, 114, 158.8912
123, 114, 94.9841
123, 114, 132.1453
123, 114, 97.4040
123, 114, 108.7934
123, 114, 228.9407
123, 114, 164.1402
123, 114, 141.6667
123, 114, 214.3212
123, 114, 80.0000
123, 114, 149.5017
123, 114, 89.5200
123, 114, 229.7527
123, 114, 166.1819
123, 114, 104.7515
123, 114, 95.2780
123, 114, 201.9815
123, 114, 105.5242
123, 114, 184.1283
123, 114, 155.8579
123, 114, 80.0000
123, 114, 163.9976
123, 114, 91.0331
123, 114, 89.6882
123, 114, 142.3008
123, 114, 113.2239
123, 114, 159.6708
123, 114, 145.0945
123, 114, 92.0384
123, 114, 79.0000
123, 114, 112.8897
123, 114, 165.7450
123, 114, 198.8889
123, 114, 173.7885
123, 114, 194.7031
123, 114, 168.6361
123, 114, 229.3088
123, 114, 212.7894
123, 114, 224.5551
123, 114, 180.0357
123, 114, 114.6258
123, 114, 84.3553
123, 114, 223.1418
123, 114, 130.0301
123, 114, 170.1963
123, 114, 138.0318
123, 114, 166.5722
123, 114, 195.8410
123, 114, 233.3527
123, 114, 146.5886
123, 114, 190.4269
123, 114, 167.3695
123, 114, 103.7388
123, 114, 158.1808
123, 114, 124.1535
123, 114, 174.6310
123, 114, 187.8949
123, 114, 187.7238
123, 114, 160.5084
123, 114, 124.8539
123, 114, 128.6788
123, 114, 147.6772
123, 114, 191.6390
123, 114, 146.9650
123, 114, 162.6581
123, 114, 99.7144
123, 114, 231.9127
123, 114, 164.9991
123, 114, 176.4172
123, 114, 186.5112
123, 114, 173.9606
123, 114, 112.6199
123, 114, 88.1318
123, 114, 141.9371
123, 114, 140.4699
123, 114, 97.0732
123, 114, 177.8470
123, 114, 128.2983
123, 114, 117.4269
123, 114, 228.0872
123, 114, 184.6117
123, 114, 103.3506
123, 114, 215.2031
123, 114, 183.3570
123, 114, 94.4926
123, 114, 206.6855
123, 114, 148.4484
123, 114, 147.0622
123, 114, 80.0000
123, 114, 122.1769
123, 114, 112.9597
123, 114, 211.3225
123, 114, 139.6103
123, 114, 80.0000
123, 114, 127.5418
123, 114, 99.3142
123, 114, 206.9885
123, 114, 178.0137
123, 114, 126.0438
123, 114, 204.9591
123, 114, 164.6922
123, 114, 225.8916
123, 114, 163.6040
123, 114, 157.2213
123, 114, 130.9080
123, 114, 163.0781
123, 114, 200.4190
102, 103, 202.7722
102, 103, 194.1305
102, 103, 85.9016
102, 103, 188.3230
102, 103, 91.7653
102, 103, 137.4836
102, 103, 113.2292
102, 103, 134.4280
102, 103, 70.9033
114, 123, 151.8472
114, 123, 95.3157
114, 123, 179.7451
114, 123, 177.0686
114, 123, 171.6756
114, 123, 176.4711
114, 123, 91.0000
114, 123, 178.9667
114, 123, 174.8163
114, 123, 168.3443
114, 123, 170.0270
114, 123, 171.7332
114, 123, 175.2194
114, 123, 158.2501
114, 123, 172.0493
114, 123, 135.9717
114, 123, 114.2850
114, 123, 125.8864
114, 123, 179.3263
114, 123, 146.7069
114, 123, 97.6197
114, 123, 116.9642
114, 123, 176.2937
114, 123, 112.8507
114, 123, 176.4041
114, 123, 179.8692
114, 123, 181.5822
114, 123, 116.2998
114, 123, 145.0125
114, 123, 169.4433
114, 123, 156.1996
114, 123, 178.1806
114, 123, 171.2523
114, 123, 176.6367
114, 123, 148.4529
114, 123, 176.6092
114, 123, 98.2366
114, 123, 173.1722
114, 123, 123.4178
114, 123, 125.6709
114, 123, 95.5067
114, 123, 123.7947
114, 123, 172.5250
114, 123, 178.7701
114, 123, 119.5268
114, 123, 171.3024
114, 123, 116.8584
114, 123, 92.0000
114, 123, 91.0000
114, 123, 93.0000
114, 123, 168.6688
114, 123, 134.3430
114, 123, 172.0635
114, 123, 168.6139
114, 123, 163.5604
114, 123, 174.5593
114, 123, 91.0000
114, 123, 122.0296
114, 123, 105.6777
114, 123, 104.7807
114, 123, 164.4311
114, 123, 94.5985
114, 123, 91.0000
114, 123, 91.0000
114, 123, 170.9427
114, 123, 93.0000
114, 123, 179.7989
114, 123, 96.0196
114, 123, 126.7167
114, 123, 126.2997
114, 123, 180.9107
114, 123, 92.1289
114, 123, 172.6058
114, 123, 147.4407
114, 123, 171.7300
114, 123, 132.8236
114, 123, 129.3663
114, 123, 97.3453
114, 123, 173.9503
114, 123, 150.6872
101, 115, 164.4179
101, 115, 93.0000
101, 115, 195.7392
101, 115, 159.5058
101, 115, 232.2734
101, 115, 201.4686
101, 115, 138.4389
101, 115, 92.0000
101, 115, 206.6170
101, 115, 99.7315
101, 115, 92.0000
101, 115, 205.6167
101, 115, 101.9745
101, 115, 207.4031
101, 115, 207.4024
101, 115, 107.0006
101, 115, 194.7331
101, 115, 91.0000
101, 115, 123.3304
101, 115, 109.1331
101, 115, 209.0162
101, 115, 134.7074
101, 115, 106.2864
101, 115, 199.6546
101, 115, 224.7544
101, 115, 197.5119
101, 115, 111.3058
101, 115, 227.1532
101, 115, 193.6209
101, 115, 191.7170
101, 115, 162.5828
101, 115, 97.5185
101, 115, 106.2173
101, 115, 162.8748
101, 115, 133.8233
101, 115, 96.2891
101, 115, 113.1432
101, 115, 201.8018
101, 115, 140.9618
101, 115, 221.8903
101, 115, 222.5383
101, 115, 192.9534
101, 115, 191.1990
101, 115, 170.2089
101, 115, 233.9024
101, 115, 171.1746
101, 115, 98.3059
101, 115, 127.9345
101, 115, 184.8452
101, 115, 216.8167
101, 115, 217.7680
101, 115, 95.8415
101, 115, 183.6025
101, 115, 163.6525
101, 115, 93.7849
101, 115, 172.9920
101, 115, 176.3433
101, 115, 92.0000
101, 115, 137.1490
123, 123, 224.7363
123, 123, 266.7975
123, 123, 247.2620
123, 123, 258.1931
123, 123, 184.4544
123, 123, 215.4250
123, 123, 229.9114
123, 123, 297.6906
123, 123, 314.8556
123, 123, 261.7354
123, 123, 282.9973
123, 123, 329.3311
123, 123, 291.7069
123, 123, 251.8216
123, 123, 213.1044
123, 123, 304.6625
123, 123, 246.6234
123, 123, 210.7038
123, 123, 271.2707
123, 123, 305.6798
123, 123, 287.0486
123, 123, 225.0505
123, 123, 278.4106
123, 123, 236.8245
123, 123, 258.4866
123, 123, 227.5535
123, 123, 259.0370
123, 123, 219.7558
123, 123, 239.9785
123, 123, 300.7201
123, 123, 261.6981
123, 123, 240.6282
123, 123, 217.7228
123, 123, 209.9126
123, 123, 250.8907
123, 123, 270.1187
123, 123, 227.6466
123, 123, 229.1791
123, 123, 300.1268
123, 123, 301.9620
123, 123, 311.8170
123, 123, 202.9514
123, 123, 225.5521
123, 123, 313.9909
123, 123, 270.5229
123, 123, 298.5408
123, 123, 288.6944
123, 123, 269.3125
123, 123, 286.5328
123, 123, 256.2515
123, 123, 186.3360
123, 123, 271.5067
123, 123, 309.6614
123, 123, 323.5282
123, 123, 182.8632
123, 123, 318.4784
123, 123, 253.7066
123, 123, 208.6693
123, 123, 221.4999
123, 123, 181.3069
123, 123, 272.5649
123, 123, 195.7624
123, 123, 247.8644
123, 123, 212.2953
123, 123, 252.6645
123, 123, 230.1412
103, 114, 61.0000
103, 114, 136.9529
103, 114, 61.0000
103, 114, 74.1602
103, 114, 61.0000
103, 114, 119.8361
103, 114, 141.1823
103, 114, 64.0000
103, 114, 70.2371
103, 114, 66.5776
103, 114, 151.5338
114, 115, 30.0000
114, 115, 31.0000
114, 115, 29.0000
114, 115, 32.0000
114, 115, 29.0000
114, 115, 31.0000
114, 115, 30.0000
114, 115, 32.0000
114, 115, 28.0000
114, 115, 28.0000
114, 115, 27.0000
114, 115, 31.0000
114, 115, 29.0000
114, 115, 29.0000
114, 115, 27.0000
114, 115, 32.0000
114, 115, 30.0000
114, 115, 32.0000
114, 115, 27.0000
114, 115, 29.0000
114, 115, 30.0000
114, 115, 31.0000
114, 115, 27.0000
114, 115, 27.0000
114, 115, 31.0000
114, 115, 27.0000
114, 115, 32.0000
114, 115, 30.0000
114, 115, 27.0000
114, 115, 30.0000
114, 115, 33.0000
114, 115, 30.0000
114, 115, 28.0000
114, 115, 27.0000
114, 115, 34.0000
114, 115, 29.0000
114, 115, 28.0000
114, 115, 28.0000
114, 115, 28.0000
114, 115, 30.0000
114, 115, 35.0000
114, 115, 27.0000
114, 115, 29.0000
114, 115, 31.0000
114, 115, 31.0000
114, 115, 30.0000
114, 115, 31.0000
114, 115, 31.0000
114, 115, 34.0000
114, 115, 35.0000
114, 115, 33.0000
114, 115, 28.0000
114, 115, 30.0000
114, 115, 29.0000
114, 115, 34.0000
114, 115, 30.0000
114, 115, 31.0000
114, 115, 31.0000
114, 115, 27.0000
114, 115, 33.0000
114, 115, 28.0000
114, 115, 35.0000
114, 115, 31.0000
114, 115, 35.0000
114, 115, 33.0000
114, 115, 28.0000
114, 115, 33.0000
114, 115, 34.0000
114, 115, 33.0000
114, 115, 27.0000
114, 115, 28.0000
114, 115, 27.0000
114, 115, 31.0000
114, 115, 29.0000
114, 115, 31.0000
114, 115, 30.0000
114, 115, 33.0000
114, 115, 27.0000
114, 115, 30.0000
114, 115, 31.0000
114, 115, 29.0000
114, 115, 28.0000
114, 115, 31.0000
114, 115, 30.0000
114, 115, 29.0000
114, 115, 30.0000
114, 115, 29.0000
114, 115, 33.0000
114, 115, 34.0000
114, 115, 31.0000
114, 115, 29.0000
114, 115, 32.0000
114, 115, 29.0000
114, 115, 31.0000
114, 115, 27.0000
114, 115, 33.0000
114, 115, 27.0000
114, 115, 31.0000
114, 115, 34.0000
114, 115, 27.0000
114, 115, 34.0000
114, 115, 32.0000
114, 115, 32.0000
114, 115, 30.0000
114, 115, 31.0000
114, 115, 32.0000
114, 115, 31.0000
114, 115, 27.0000
114, 115, 33.0000
114, 115, 32.0000
114, 115, 33.0000
114, 115, 28.0000
114, 115, 28.0000
114, 115, 30.0000
114, 115, 31.0000
114, 115, 27.0000
114, 115, 27.0000
114, 115, 34.0000
114, 115, 30.0000
114, 115, 29.0000
114, 115, 34.0000
114, 115, 33.0000
114, 115, 31.0000
114, 115, 27.0000
114, 115, 33.0000
114, 115, 35.0000
114, 115, 28.0000
114, 115, 29.0000
114, 115, 33.0000
114, 115, 27.0000
114, 115, 28.0000
114, 115, 30.0000
114, 115, 29.0000
114, 115, 30.0000
114, 115, 31.0000
114, 115, 30.0000
114, 115, 29.0000
114, 115, 32.0000
114, 115, 28.0000
114, 115, 31.0000
114, 115, 27.0000
114, 115, 27.0000
114, 115, 27.0000
114, 115, 29.0000
114, 115, 32.0000
114, 115, 31.0000
114, 115, 28.0000
114, 115, 29.0000
114, 115, 31.0000
114, 115, 35.0000
114, 115, 32.0000
114, 115, 30.0000
114, 115, 27.0000
114, 115, 35.0000
114, 115, 29.0000
114, 115, 33.0000
114, 115, 27.0000
114, 115, 27.0000
114, 115, 29.0000
114, 115, 32.0000
114, 115, 31.0000
114, 115, 32.0000
114, 115, 29.0000
114, 115, 34.0000
114, 115, 28.0000
114, 115, 30.0000
114, 115, 34.0000
114, 115, 28.0000
114, 115, 31.0000
114, 115, 27.0000
114, 115, 33.0000
114, 115, 28.0000
114, 115, 33.0000
114, 115, 29.0000
114, 115, 27.0000
114, 115, 31.0000
114, 115, 30.0000
114, 115, 30.0000
114, 115, 27.0000
114, 115, 31.0000
114, 115, 34.0000
114, 115, 32.0000
114, 115, 31.0000
114, 115, 29.0000
114, 115, 31.0000
114, 115, 33.0000
114, 115, 34.0000
114, 115, 30.0000
114, 115, 28.0000
114, 115, 30.0000
114, 115, 34.0000
114, 115, 34.0000
114, 115, 35.0000
114, 115, 28.0000
114, 115, 35.0000
114, 115, 33.0000
114, 115, 35.0000
114, 115, 28.0000
114, 115, 30.0000
114, 115, 28.0000
114, 115, 27.0000
114, 115, 34.0000
114, 115, 31.0000
114, 115, 31.0000
114, 115, 35.0000
114, 115, 30.0000
114, 115, 29.0000
114, 115, 30.0000
114, 115, 28.0000
114, 115, 28.0000
114, 115, 29.0000
114, 115, 30.0000
114, 115, 28.0000
114, 115, 31.0000
114, 115, 31.0000
114, 115, 31.0000
114, 115, 33.0000
114, 115, 34.0000
114, 115, 32.0000
114, 115, 31.0000
114, 115, 31.0000
114, 115, 28.0000
114, 115, 32.0000
114, 115, 31.0000
114, 115, 29.0000
114, 115, 29.0000
114, 115, 31.0000
114, 115, 32.0000
114, 115, 29.0000
114, 115, 33.0000
114, 115, 27.0000
114, 115, 31.0000
114, 115, 27.0000
114, 115, 33.0000
114, 115, 30.0000
114, 115, 28.0000
114, 115, 27.0000
114, 115, 28.0000
114, 115, 30.0000
114, 115, 31.0000
114, 115, 32.0000
114, 115, 31.0000
114, 115, 34.0000
114, 115, 30.0000
114, 115, 30.0000
114, 115, 30.0000
114, 115, 30.0000
114, 115, 29.0000
114, 115, 31.0000
114, 115, 30.0000
114, 115, 27.0000
114, 115, 30.0000
114, 115, 31.0000
114, 115, 30.0000
114, 115, 33.0000
114, 115, 29.0000
114, 115, 31.0000
114, 115, 28.0000
114, 115, 27.0000
114, 115, 29.0000
114, 115, 31.0000
114, 115, 27.0000
114, 115, 31.0000
114, 115, 28.0000
114, 115, 30.0000
114, 115, 31.0000
114, 115, 28.0000
114, 115, 29.0000
114, 115, 30.0000
114, 115, 30.0000
114, 115, 30.0000
114, 115, 31.0000
114, 115, 31.0000
114, 115, 27.0000
114, 115, 28.0000
114, 115, 33.0000
114, 115, 29.0000
114, 115, 34.0000
114, 115, 28.0000
114, 115, 29.0000
114, 115, 31.0000
114, 115, 28.0000
114, 115, 27.0000
114, 115, 29.0000
114, 115, 27.0000
114, 115, 32.0000
114, 115, 32.0000
114, 115, 27.0000
114, 115, 28.0000
114, 115, 30.0000
114, 115, 31.0000
114, 115, 30.0000
114, 115, 31.0000
114, 115, 31.0000
114, 115, 30.0000
114, 115, 32.0000
114, 115, 30.0000
114, 115, 29.0000
114, 115, 30.0000
114, 115, 28.0000
114, 115, 31.0000
114, 114, 68.4272
114, 114, 73.5447
114, 114, 51.7514
114, 114, 20.0000
114, 114, 30.3129
114, 114, 49.7898
114, 114, 20.0000
114, 114, 27.4064
114, 114, 20.0000
114, 114, 33.6875
114, 114, 74.1951
114, 114, 52.6925
114, 114, 23.7795
114, 114, 86.3439
114, 114, 35.9053
114, 114, 20.0000
114, 114, 50.5463
114, 114, 20.0000
114, 114, 23.1372
114, 114, 81.2885
114, 114, 66.5080
114, 114, 34.5965
114, 114, 17.5055
114, 114, 20.0000
114, 114, 50.2268
114, 114, 61.5833
114, 114, 30.6411
114, 114, 25.7096
114, 114, 66.7665
114, 114, 44.5024
114, 114, 20.0000
114, 114, 33.5134
114, 114, 70.4919
114, 114, 68.2469
114, 114, 58.6699
114, 114, 31.0645
114, 114, 49.3166
114, 114, 63.1131
114, 114, 75.9592
114, 114, 20.0000
114, 114, 46.1397
114, 114, 79.4079
114, 114, 71.4016
114, 114, 45.4358
114, 114, 45.4304
114, 114, 51.3320
114, 114, 77.4433
114, 114, 20.0000
114, 114, 82.7679
114, 114, 39.0069
114, 114, 78.5210
114, 114, 20.0000
114, 114, 80.3695
114, 114, 68.0151
114, 114, 78.7519
114, 114, 81.4992
114, 114, 69.5348
114, 114, 68.0678
114, 114, 29.7156
114, 114, 77.5007
114, 114, 58.7703
114, 114, 43.8024
114, 114, 77.8891
114, 114, 46.1120
114, 114, 60.1561
114, 114, 20.0000
114, 114, 56.4349
114, 114, 36.9882
114, 114, 50.5883
114, 114, 20.0000
114, 114, 73.5517
114, 114, 76.2886
114, 114, 76.6521
114, 114, 36.6592
101, 121, 89.0170
101, 121, 70.9408
101, 121, 101.5441
101, 121, 115.6843
101, 121, 114.1369
101, 121, 207.0008
101, 121, 146.5499
101, 121, 168.3254
101, 121, 82.1126
101, 121, 71.5624
101, 121, 123.7221
101, 121, 79.0839
101, 121, 181.6437
101, 121, 89.3991
101, 121, 80.8109
101, 121, 144.1965
101, 121, 109.5831
101, 121, 166.1590
101, 121, 101.9554
101, 121, 189.3351
101, 121, 181.6452
101, 121, 65.1793
101, 121, 63.3789
101, 121, 76.0636
101, 121, 171.2670
101, 121, 130.2562
101, 121, 131.5749
101, 121, 100.7751
101, 121, 61.2274
101, 121, 208.5137
101, 121, 178.3180
101, 121, 170.1442
101, 121, 133.4138
101, 121, 167.1030
101, 121, 184.1178
101, 121, 181.8749
101, 121, 117.0976
101, 121, 181.7235
101, 121, 101.0330
101, 113, 180.6876
101, 113, 93.0000
101, 113, 173.0444
101, 113, 98.9822
101, 113, 113.5075
101, 113, 148.2374
101, 113, 107.0752
101, 113, 182.1077
101, 113, 172.1088
101, 113, 89.4625
101, 113, 183.7883
101, 113, 160.4091
101, 113, 176.0332
122, 123, 188.1392
122, 123, 201.1752
122, 123, 196.8516
122, 123, 167.8864
122, 123, 271.8841
122, 123, 191.2527
122, 123, 165.8623
122, 123, 223.9513
122, 123, 176.3510
122, 123, 226.4497
122, 123, 254.4917
122, 123, 245.4420
122, 123, 199.1046
122, 123, 211.6568
122, 123, 251.5932
122, 123, 129.8803
122, 123, 164.7650
122, 123, 126.7855
122, 123, 181.0802
122, 123, 142.5657
122, 123, 177.2349
122, 123, 199.8217
122, 123, 210.8851
122, 123, 269.9061
122, 123, 120.1430
122, 123, 229.5478
122, 123, 278.5116
122, 123, 211.6186
122, 123, 269.0028
122, 123, 261.4959
122, 123, 141.8083
122, 123, 179.2996
122, 123, 143.1075
122, 123, 131.5338
122, 123, 131.6414
122, 123, 193.5997
122, 123, 140.6165
122, 123, 212.4267
122, 123, 159.3872
122, 123, 215.9775
122, 123, 243.5549
122, 123, 142.0941
122, 123, 171.0090
122, 123, 190.9826
122, 123, 263.7061
122, 123, 228.0847
122, 123, 188.5226
122, 123, 154.3603
122, 123, 232.6247
122, 123, 134.6407
122, 123, 144.6526
114, 101, 110.4158
114, 101, 122.3598
114, 101, 85.6382
114, 101, 137.1143
114, 101, 119.1483
114, 101, 136.9697
114, 101, 168.8866
114, 101, 119.5993
114, 101, 121.7595
114, 101, 80.0000
114, 101, 158.7548
114, 101, 167.5284
114, 101, 166.6465
114, 101, 166.4536
114, 101, 136.9337
114, 101, 157.8136
114, 101, 157.2917
114, 101, 120.6730
114, 101, 134.9309
114, 101, 134.2080
114, 101, 120.5767
114, 101, 80.0000
114, 101, 80.0000
114, 101, 80.0000
114, 101, 159.8001
114, 101, 155.1496
114, 101, 169.7449
114, 101, 117.5583
114, 101, 101.5846
114, 101, 122.8741
114, 101, 116.1659
114, 101, 77.2959
114, 101, 120.9608
114, 101, 124.5145
114, 101, 155.3148
114, 101, 160.2674
114, 101, 156.3743
114, 101, 156.5600
114, 101, 169.4846
114, 101, 160.2469
114, 101, 155.6977
114, 101, 162.1318
114, 101, 116.6360
114, 101, 138.9543
114, 101, 131.3926
114, 101, 131.4560
114, 101, 116.6368
114, 101, 80.0000
114, 101, 156.3411
114, 101, 156.2036
114, 101, 166.7704
114, 101, 165.9512
114, 101, 159.9856
114, 101, 160.2370
114, 101, 160.2369
114, 101, 122.8227
114, 101, 87.3447
114, 101, 135.1833
114, 101, 80.8318
114, 101, 140.5896
114, 101, 78.0888
114, 101, 168.6840
114, 101, 122.7101
114, 101, 115.9552
114, 101, 96.3113
114, 101, 80.0000
114, 101, 80.0000
114, 101, 80.0000
114, 101, 80.0000
114, 101, 169.2800
114, 101, 168.5568
114, 101, 166.7699
114, 101, 158.7650
114, 101, 159.0700
114, 101, 78.8806
114, 101, 143.2912
114, 101, 151.4885
114, 101, 142.6567
114, 101, 107.4655
114, 101, 81.4927
114, 101, 85.0585
114, 101, 147.8594
114, 101, 79.4665
114, 101, 80.0000
114, 101, 162.8262
114, 101, 159.9688
114, 101, 157.1191
114, 101, 158.0813
114, 101, 167.1331
114, 101, 167.6669
114, 101, 155.6021
114, 101, 92.6070
114, 101, 81.4414
114, 101, 153.3847
114, 101, 114.0014
114, 101, 163.4150
114, 101, 109.7703
114, 101, 81.9460
114, 101, 80.0000
114, 101, 80.0000
114, 101, 80.0000
114, 101, 164.3976
114, 101, 163.3721
114, 101, 158.0490
114, 101, 163.4125
114, 101, 160.4005
114, 101, 156.4356
114, 101, 157.2744
114, 101, 137.2118
114, 101, 149.2599
114, 101, 153.2277
114, 101, 153.8375
114, 101, 104.0673
114, 101, 103.2027
114, 101, 127.3663
114, 101, 101.0521
114, 101, 80.0000
114, 101, 162.8504
114, 101, 167.3436
114, 101, 155.9997
114, 101, 142.6587
114, 101, 142.6703
114, 101, 135.5438
114, 101, 80.0000
114, 101, 166.4246
114, 101, 168.4943
114, 101, 161.6910
114, 101, 155.1403
114, 101, 158.1647
114, 101, 167.2582
114, 101, 157.6154
114, 101, 166.0423
114, 101, 162.7051
114, 101, 169.9046
114, 101, 163.2334
114, 101, 157.1635
114, 101, 163.3025
114, 101, 86.6068
114, 101, 87.9775
114, 101, 106.0256
114, 101, 162.7271
114, 101, 103.4972
114, 101, 157.9021
114, 101, 152.4374
114, 101, 139.6997
114, 101, 157.4736
114, 101, 157.2827
114, 101, 155.2618
114, 101, 162.0946
114, 101, 166.0716
114, 101, 163.3317
114, 101, 163.8718
114, 101, 135.3635
114, 101, 148.3379
114, 101, 165.4497
114, 101, 128.6393
114, 101, 101.6833
114, 101, 96.4630
114, 101, 123.5881
114, 101, 89.3279
114, 101, 80.0000
114, 101, 80.0000
114, 101, 159.8389
114, 101, 159.8985
114, 101, 169.4365
114, 101, 165.1488
114, 101, 166.2508
114, 101, 167.2097
114, 101, 146.2969
114, 101, 133.3602
114, 101, 131.6994
114, 101, 164.2526
114, 101, 165.2708
114, 101, 130.7376
114, 101, 80.0000
114, 101, 159.3419
114, 101, 157.8216
114, 101, 162.2931
114, 101, 159.2723
114, 101, 156.9774
114, 101, 167.3925
114, 101, 95.1620
114, 101, 118.9560
114, 101, 162.8384
114, 101, 101.5855
114, 101, 142.5709
114, 101, 119.3085
114, 101, 119.9000
114, 101, 95.9184
114, 101, 144.9486
114, 101, 80.0000
114, 101, 159.1141
114, 101, 161.0942
114, 101, 157.0788
114, 101, 165.3968
114, 101, 159.2056
114, 101, 169.1103
114, 101, 164.0936
114, 101, 161.3015
114, 101, 117.0205
114, 101, 123.7845
114, 101, 118.1480
114, 101, 167.6510
114, 101, 148.2888
114, 101, 147.6888
114, 101, 80.0000
114, 101, 162.5010
114, 101, 165.5058
114, 101, 164.1721
114, 101, 162.9497
114, 101, 167.8884
114, 101, 165.7928
114, 101, 149.1709
114, 101, 78.6563
114, 101, 135.9128
114, 101, 81.1509
114, 101, 160.9563
114, 101, 148.8482
114, 101, 155.9507
114, 101, 166.2491
114, 101, 164.3116
114, 101, 165.0174
114, 101, 165.9342
114, 101, 155.3177
114, 101, 95.8688
114, 101, 159.2252
114, 101, 168.3776
114, 101, 159.2670
114, 101, 156.4243
114, 101, 155.0262
114, 101, 79.4889
114, 101, 91.0704
114, 101, 77.0415
114, 101, 136.4138
114, 101, 94.6348
114, 101, 169.4178
114, 101, 85.2226
114, 101, 101.5313
114, 101, 123.9809
114, 101, 100.0603
114, 101, 167.2488
114, 101, 162.8707
114, 101, 166.3512
114, 101, 155.7076
114, 101, 168.7165
114, 101, 164.2196
114, 101, 162.0805
114, 101, 157.7633
114, 101, 153.4981
114, 101, 146.1110
114, 101, 126.6159
114, 101, 153.3287
114, 101, 136.4563
114, 101, 166.1441
114, 101, 96.7270
114, 101, 144.7000
114, 101, 156.3847
114, 101, 122.9334
114, 101, 82.2415
114, 101, 163.4409
114, 101, 83.9720
114, 101, 131.8024
114, 101, 126.2814
114, 101, 148.0002
114, 101, 91.4213
114, 101, 112.0127
114, 101, 159.8964
114, 101, 160.0364
114, 101, 155.9095
114, 101, 162.8239
114, 101, 159.1962
114, 101, 166.2552
114, 101, 162.8670
114, 101, 160.6568
114, 101, 98.2519
114, 101, 133.1706
114, 101, 98.4800
114, 101, 162.8624
114, 101, 112.5255
114, 101, 80.0000
114, 101, 159.5814
114, 101, 164.1393
114, 101, 164.1505
114, 101, 161.4875
114, 101, 138.1379
114, 101, 104.8082
114, 101, 152.0029
114, 101, 87.1702
114, 101, 159.6265
114, 101, 80.0000
114, 101, 166.5401
114, 101, 157.1213
114, 101, 164.9570
114, 101, 164.7270
114, 101, 98.4721
114, 101, 118.0217
114, 101, 105.9665
114, 101, 151.6775
114, 101, 121.8674
114, 101, 97.3273
114, 101, 164.8053
114, 101, 157.9058
114, 101, 166.7147
114, 101, 156.1361
114, 101, 98.9982
114, 101, 167.4109
114, 101, 85.7480
114, 101, 128.2582
114, 101, 98.5047
114, 101, 137.9149
114, 101, 112.8266
114, 101, 128.0754
114, 101, 100.1733
114, 101, 127.2330
114, 101, 112.4364
114, 101, 97.3298
114, 101, 140.7474
114, 101, 80.0000
114, 101, 80.0000
114, 101, 80.0000
114, 101, 156.7596
114, 101, 168.8825
114, 101, 166.8027
114, 101, 127.2245
114, 101, 129.9406
114, 101, 153.6249
114, 101, 133.5929
114, 101, 151.9334
114, 101, 119.5152
114, 101, 153.9389
114, 101, 119.6353
114, 101, 80.0000
114, 101, 163.8890
114, 101, 165.4966
114, 101, 165.7670
114, 101, 157.7688
114, 101, 166.8775
114, 101, 166.7450
114, 101, 167.4522
114, 101, 155.9807
114, 101, 156.3942
114, 101, 140.4324
114, 101, 119.1135
114, 101, 81.4841
114, 101, 120.4557
114, 101, 81.4841
114, 101, 87.7993
114, 101, 166.8111
114, 101, 136.3330
114, 101, 159.9806
114, 101, 128.3804
114, 101, 115.5517
114, 101, 110.3147
114, 101, 115.7483
114, 101, 160.9771
114, 101, 156.9094
114, 101, 160.3150
114, 101, 156.4658
114, 101, 158.5330
114, 101, 159.8370
114, 101, 112.2460
114, 101, 134.8485
114, 101, 110.4761
114, 101, 91.9014
114, 101, 85.5712
114, 101, 163.2285
114, 101, 161.8339
114, 101, 164.1133
114, 101, 162.8683
114, 101, 167.0410
114, 101, 169.4829
114, 101, 167.7615
114, 101, 162.9846
114, 101, 131.8791
114, 101, 152.3992
114, 101, 77.6243
114, 101, 112.1487
114, 101, 80.0000
114, 101, 161.2327
114, 101, 169.6873
114, 101, 160.1386
114, 101, 163.0210
114, 101, 163.5400
114, 101, 156.6252
114, 101, 156.3048
114, 101, 134.0809
114, 101, 142.0067
114, 101, 120.9080
114, 101, 82.8377
114, 101, 124.3365
114, 101, 134.2789
114, 101, 142.1130
114, 101, 87.3260
114, 101, 80.0000
114, 101, 158.0619
114, 101, 156.3215
114, 101, 166.8570
114, 101, 162.1483
114, 101, 122.7273
114, 101, 135.3944
114, 101, 83.9887
114, 101, 157.3079
114, 101, 76.2186
114, 101, 80.5675
114, 101, 84.0184
114, 101, 164.6210
114, 101, 150.6131
114, 101, 86.7084
114, 101, 110.0938
114, 101, 108.6425
114, 101, 142.8787
114, 101, 80.0000
114, 101, 80.0000
114, 101, 155.9649
114, 101, 156.9553
114, 101, 163.1390
114, 101, 158.2249
114, 101, 86.2507
114, 101, 95.3154
114, 101, 125.2011
114, 101, 80.0000
114, 101, 156.9394
114, 101, 161.9438
114, 101, 161.8778
114, 101, 161.1394
114, 101, 160.4407
114, 101, 169.2657
114, 101, 169.1297
114, 101, 162.0286
114, 101, 164.9743
114, 101, 164.7603
114, 101, 135.5078
114, 101, 149.7376
114, 101, 76.3615
114, 101, 135.3024
114, 101, 118.1196
114, 101, 167.5769
114, 101, 168.7379
114, 101, 83.8028
114, 101, 120.5576
114, 101, 80.0000
114, 101, 167.7243
114, 101, 159.7233
114, 101, 160.3820
114, 101, 93.8292
114, 101, 155.7787
114, 101, 148.0396
114, 101, 117.5350
114, 101, 129.1727
114, 101, 89.9151
114, 101, 146.5612
114, 101, 80.0000
114, 101, 80.0000
114, 101, 166.2412
114, 101, 162.7306
114, 101, 158.8795
114, 101, 156.3100
114, 101, 145.6372
114, 101, 142.3538
114, 101, 91.0917
114, 101, 153.5506
114, 101, 144.9457
114, 101, 162.4015
114, 101, 102.1552
114, 101, 134.9220
114, 101, 131.5664
114, 101, 152.7900
114, 101, 115.2349
114, 101, 110.1528
114, 101, 80.0000
114, 101, 80.0000
114, 101, 80.0000
114, 101, 80.0000
114, 101, 157.0710
114, 101, 168.0985
114, 101, 157.5157
114, 101, 158.1715
114, 101, 161.5348
114, 101, 169.6412
114, 101, 169.2050
114, 101, 164.6999
114, 101, 85.9456
114, 101, 114.3981
114, 101, 144.4505
114, 101, 144.6260
114, 101, 115.1590
114, 101, 114.4277
114, 101, 156.8961
114, 101, 118.1773
114, 101, 129.0796
114, 101, 97.9154
114, 101, 159.1052
114, 101, 120.6367
114, 101, 121.5860
114, 101, 80.0000
114, 101, 162.1554
114, 101, 162.2742
114, 101, 156.9713
114, 101, 164.2659
114, 101, 115.3244
114, 101, 134.4871
114, 101, 99.1179
114, 101, 92.2379
114, 101, 144.7169
114, 101, 131.2390
114, 101, 80.0000
114, 101, 80.0000
114, 101, 80.0000
114, 101, 166.0185
114, 101, 162.1420
114, 101, 164.4563
114, 101, 165.4714
114, 101, 84.4397
114, 101, 91.4113
114, 101, 140.8076
114, 101, 137.2197
114, 101, 107.9203
114, 101, 84.2494
114, 101, 110.7109
114, 101, 85.0534
114, 101, 80.0000
114, 101, 80.0000
114, 101, 162.6328
114, 101, 167.7291
114, 101, 160.3305
114, 101, 164.5397
114, 101, 136.8248
114, 101, 94.4394
114, 101, 169.5877
114, 101, 122.6625
114, 101, 136.6161
114, 101, 77.6206
114, 101, 101.8337
114, 101, 152.1811
114, 101, 83.0577
114, 101, 168.1970
114, 101, 161.2188
122, 102, 124.0651
122, 102, 171.6858
122, 102, 59.1812
122, 102, 101.3422
122, 102, 98.0229
122, 102, 84.5087
122, 102, 199.3770
122, 102, 108.9817
122, 102, 198.7590
122, 102, 172.8232
122, 102, 153.3840
122, 102, 172.7515
122, 102, 191.7533
122, 102, 133.2882
122, 102, 190.4649
122, 102, 59.1666
122, 102, 56.5587
122, 102, 116.7412
122, 102, 64.1931
122, 102, 87.4845
122, 102, 194.5176
122, 102, 122.1014
122, 102, 102.6110
122, 102, 59.6938
122, 102, 62.6462
122, 102, 92.0643
122, 102, 155.9505
122, 102, 168.0454
122, 102, 96.1766
122, 102, 83.7794
122, 102, 144.4868
122, 102, 102.2623
122, 102, 86.7097
122, 102, 90.7519
122, 102, 184.2763
122, 102, 180.2815
122, 102, 61.9612
122, 102, 61.8278
122, 102, 136.8287
122, 102, 167.6856
122, 102, 189.0821
122, 102, 177.8659
122, 102, 63.6803
122, 102, 58.8289
122, 102, 71.2952
122, 102, 122.9365
122, 102, 181.4000
122, 102, 104.3772
122, 102, 145.8307
122, 102, 106.1330
122, 102, 209.6017
122, 102, 133.3838
122, 102, 130.7862
122, 102, 139.1405
122, 102, 122.4057
122, 102, 165.4499
122, 102, 80.4079
122, 102, 180.8105
122, 102, 211.3183
122, 102, 127.6318
122, 102, 130.4891
122, 102, 84.4553
122, 102, 128.6942
122, 102, 79.5222
122, 102, 188.5311
122, 102, 115.4643
122, 102, 75.0340
122, 102, 212.1831
122, 102, 175.9610
122, 102, 48.0219
122, 102, 174.9671
122, 102, 59.4043
122, 102, 85.3203
122, 102, 114.8349
122, 102, 88.8635
122, 102, 125.5895
122, 102, 195.0176
122, 102, 61.6733
122, 102, 88.2273
122, 102, 80.2459
122, 102, 53.0055
122, 102, 70.4506
122, 102, 57.9418
122, 102, 169.6951
122, 102, 88.8268
122, 102, 191.1342
122, 102, 172.7645
122, 102, 136.4919
122, 102, 128.2084
122, 102, 193.0082
122, 102, 66.8953
122, 102, 104.3505
122, 102, 112.4917
122, 102, 170.4075
122, 102, 118.6779
122, 102, 118.7156
122, 102, 134.6396
122, 102, 58.3753
122, 102, 182.3154
122, 102, 78.3448
122, 102, 207.1375
122, 102, 190.1933
122, 102, 69.2806
122, 102, 92.8118
122, 102, 150.2027
122, 102, 162.0238
122, 102, 168.7510
122, 102, 100.7736
122, 102, 156.0587
122, 102, 159.7993
122, 102, 215.0048
122, 102, 95.0564
122, 102, 142.6007
122, 102, 111.3820
122, 102, 149.4967
122, 102, 140.3043
122, 102, 165.7176
122, 102, 202.1473
122, 102, 211.7414
122, 102, 174.2049
122, 102, 123.5426
122, 102, 90.6067
122, 102, 162.8473
122, 102, 53.9091
122, 102, 110.8801
122, 102, 154.6959
122, 102, 84.6312
122, 102, 141.9861
122, 102, 172.4096
122, 102, 155.5183
122, 102, 169.9774
122, 102, 74.1774
122, 102, 151.6265
122, 102, 150.7645
122, 102, 98.7275
122, 102, 64.8687
122, 102, 174.8822
122, 102, 86.8218
122, 102, 190.4572
122, 102, 125.8202
122, 102, 145.5808
122, 102, 138.1547
122, 102, 87.7672
122, 102, 46.4048
122, 102, 184.5756
122, 102, 109.3707
122, 102, 120.0275
122, 102, 169.5370
122, 102, 194.4565
122, 102, 131.3884
122, 102, 119.3681
113, 114, 16.0000
113, 114, 19.0000
113, 114, 17.0000
113, 114, 16.0000
113, 114, 16.0000
113, 114, 19.0000
113, 114, 20.0000
113, 114, 16.0000
113, 114, 17.0000
113, 114, 16.0000
113, 114, 17.0000
113, 114, 19.0000
113, 114, 17.0000
113, 114, 16.0000
113, 114, 17.0000
113, 114, 19.0000
113, 114, 16.0000
113, 114, 19.0000
113, 114, 18.0000
113, 114, 16.0000
113, 114, 16.0000
113, 114, 17.0000
113, 114, 18.0000
113, 114, 16.0000
113, 114, 20.0000
113, 114, 17.0000
113, 114, 18.0000
113, 114, 16.0000
113, 114, 19.0000
113, 114, 16.0000
113, 114, 16.0000
113, 114, 17.0000
113, 114, 20.0000
113, 114, 18.0000
113, 114, 20.0000
113, 114, 19.0000
113, 114, 17.0000
113, 114, 16.0000
113, 114, 20.0000
113, 114, 20.0000
113, 114, 19.0000
113, 114, 20.0000
113, 114, 20.0000
113, 114, 16.0000
113, 114, 19.0000
113, 114, 16.0000
113, 114, 20.0000
113, 114, 20.0000
113, 114, 16.0000
113, 114, 20.0000
113, 114, 19.0000
113, 114, 17.0000
113, 114, 16.0000
113, 114, 17.0000
113, 114, 19.0000
113, 114, 20.0000
113, 114, 18.0000
113, 114, 17.0000
113, 114, 20.0000
113, 114, 19.0000
113, 114, 19.0000
113, 114, 18.0000
113, 114, 20.0000
113, 114, 16.0000
113, 114, 16.0000
113, 114, 16.0000
113, 114, 17.0000
113, 114, 16.0000
113, 114, 17.0000
113, 114, 16.0000
113, 114, 16.0000
113, 114, 17.0000
113, 114, 16.0000
113, 114, 19.0000
113, 114, 19.0000
113, 114, 16.0000
113, 114, 19.0000
113, 114, 18.0000
113, 114, 20.0000
113, 114, 16.0000
113, 114, 19.0000
113, 114, 19.0000
113, 114, 16.0000
113, 114, 17.0000
113, 114, 20.0000
113, 114, 16.0000
113, 114, 18.0000
113, 114, 16.0000
113, 114, 20.0000
113, 114, 17.0000
113, 114, 20.0000
113, 114, 19.0000
113, 114, 16.0000
113, 114, 19.0000
113, 114, 16.0000
113, 114, 17.0000
113, 114, 16.0000
113, 114, 18.0000
113, 114, 19.0000
113, 114, 17.0000
113, 114, 18.0000
113, 114, 18.0000
113, 114, 19.0000
113, 114, 19.0000
113, 114, 16.0000
113, 114, 19.0000
113, 114, 20.0000
113, 114, 20.0000
113, 114, 20.0000
113, 114, 18.0000
113, 114, 17.0000
113, 114, 20.0000
113, 114, 20.0000
113, 114, 18.0000
113, 114, 17.0000
113, 114, 19.0000
113, 114, 20.0000
113, 114, 17.0000
113, 114, 20.0000
113, 114, 20.0000
113, 114, 19.0000
113, 114, 20.0000
113, 114, 20.0000
113, 114, 16.0000
113, 114, 16.0000
113, 114, 16.0000
113, 114, 18.0000
113, 114, 18.0000
113, 114, 16.0000
113, 114, 17.0000
113, 114, 19.0000
113, 114, 16.0000
113, 114, 17.0000
113, 114, 18.0000
113, 114, 16.0000
113, 114, 16.0000
113, 114, 18.0000
113, 114, 16.0000
113, 114, 17.0000
113, 114, 19.0000
113, 114, 18.0000
113, 114, 20.0000
113, 114, 18.0000
113, 114, 17.0000
113, 114, 20.0000
113, 114, 18.0000
113, 114, 16.0000
113, 114, 18.0000
113, 114, 18.0000
113, 114, 20.0000
113, 114, 18.0000
113, 114, 20.0000
113, 114, 17.0000
113, 114, 18.0000
113, 114, 16.0000
113, 114, 16.0000
113, 114, 16.0000
113, 114, 16.0000
113, 114, 16.0000
123, 115, 233.7988
123, 115, 308.5934
123, 115, 249.1789
123, 115, 191.5344
123, 115, 235.6750
123, 115, 246.4548
123, 115, 292.4156
123, 115, 222.7874
123, 115, 276.9461
123, 115, 227.5200
123, 115, 253.9541
123, 115, 216.3177
103, 122, 35.0000
103, 122, 45.9893
103, 122, 46.7457
103, 122, 35.0000
103, 122, 121.3576
103, 122, 35.0000
103, 122, 61.9067
103, 122, 101.9237
103, 122, 58.8770
103, 122, 88.9815
103, 122, 123.6372
103, 122, 35.0000
103, 122, 117.3242
103, 122, 35.0000
103, 122, 35.0000
103, 122, 36.6998
103, 122, 45.1786
103, 122, 49.3354
103, 122, 123.2789
103, 122, 126.6787
103, 122, 131.0589
103, 122, 69.0483
103, 122, 49.4202
103, 122, 31.2347
103, 122, 49.5765
103, 122, 35.0000
103, 122, 123.1848
103, 122, 71.3558
103, 122, 35.0000
103, 122, 115.4752
103, 122, 66.7848
103, 122, 114.5230
103, 122, 35.0000
103, 122, 127.3290
103, 122, 85.0386
103, 122, 32.8143
103, 122, 128.9574
103, 122, 71.7009
103, 122, 104.7381
103, 122, 80.6213
103, 122, 35.0000
103, 122, 35.0000
103, 122, 95.9880
103, 122, 85.3511
103, 122, 37.4072
103, 122, 106.8597
103, 122, 35.0000
103, 122, 35.0000
103, 122, 115.1031
103, 122, 78.7395
103, 122, 101.5677
103, 122, 33.1009
103, 122, 35.0000
103, 122, 35.0000
103, 122, 35.0652
103, 122, 104.1284
115, 122, 206.6585
115, 122, 157.7798
115, 122, 244.1921
115, 122, 271.7731
115, 122, 226.5608
115, 122, 294.4829
115, 122, 250.5767
115, 122, 203.2369
115, 122, 203.1715
115, 122, 249.0802
115, 122, 247.3545
115, 122, 298.0805
115, 122, 244.8683
115, 122, 265.2775
115, 122, 308.4890
115, 122, 198.7440
115, 122, 293.0604
115, 122, 179.8947
115, 122, 270.7484
115, 122, 265.2104
115, 122, 224.5026
115, 122, 148.1205
115, 122, 211.3508
115, 122, 185.5828
115, 122, 203.1978
115, 122, 152.6864
115, 122, 162.0065
111, 114, 134.0824
111, 114, 46.0000
111, 114, 112.5981
111, 114, 136.0127
111, 114, 124.9714
111, 114, 71.7201
111, 114, 46.0000
111, 114, 80.2660
111, 114, 46.0000
111, 114, 46.0000
111, 114, 104.7951
111, 114, 47.0000
111, 114, 47.0000
111, 114, 46.0000
111, 114, 60.1903
111, 114, 43.5914
111, 114, 46.0000
111, 114, 75.7531
111, 114, 72.6813
111, 114, 114.5186
111, 114, 73.1704
111, 114, 59.3280
111, 114, 45.0302
111, 114, 48.0000
111, 114, 129.2069
111, 114, 113.4437
111, 114, 105.5686
111, 114, 106.6933
111, 114, 43.4284
111, 114, 79.1840
111, 114, 75.7823
111, 114, 46.0000
111, 114, 131.3719
111, 114, 59.4403
111, 114, 125.0344
111, 114, 83.9965
111, 114, 54.4232
111, 114, 133.4609
111, 114, 46.0000
111, 114, 114.2258
111, 114, 114.1340
111, 114, 100.8895
111, 114, 77.9745
111, 114, 47.0000
115, 113, 131.6124
115, 113, 102.9038
115, 113, 88.0621
115, 113, 93.3067
115, 113, 124.7031
115, 113, 114.9976
115, 113, 119.9440
115, 113, 56.7457
115, 113, 126.9347
